0.000672595008048338,0.001407931914084324,0.001243208057732427,0.0001446984414220904,0.001404868296392952,0.0001906894417046755,0.0014103136426611943,0.0,0.0015335302312621758,0.002117304614215409,0.00912540493583011,0.009208493344572084,0.0001550783314664686,0.0017577769035765026,0.0066905133963093295,0.0006722479420457519,0.0049120800990268935,0.0,0.0026891329297191076,0.0015237609437975402,0.011139099943789187,0.011604331398693395,0.0,0.0017463830768929588,0.004531652455873403,0.010719770125345493,0.0007544058956808977,0.01030375677964782,0.00437881897497486,0.001922791636764693,0.006153128548952731,0.010377135761152305,0.00514144246495614,0.005115747319626665,0.0025875273170520496,0.010447759486311695,0.0036680561813006193,0.009866576830396498,0.0019110158778095855,0.0021117803843987725,0.01152463770347484,0.0005627145906685535,0.009022452441383982,0.004825119627679434,0.009487029442041418,0.008281214698897314,0.0005602723721254005,0.0004202044605420823,0.2538848700071601,0.004081712346117243,0.0005359962489748566,0.005416348723457892,0.011520740694793905,0.0008080715417970105,0.01101364346160551,0.007494413012053818,0.0011083040697066925,0.2880678590668261,0.0005567085113592062,0.004188259797223831,0.0006762345096159744,0.000922633670034297,0.309335018399634,0.0005971262632048252,0.006849545397461799,0.006994769557492943,0.005922160400744994,0.00027173498372303975,0.0005262343294410471,0.0014138561149995871,0.0057377476505416315,0.005257386818152104,0.0059228575848775935,0.005946556154255335,0.0014440729180432439,0.0,0.0005782708852217035,0.002409905024557796,0.0,0.0015257000981657566,0.015144875146504089,0.015072603845231788,0.0013119125463773513,0.00772532486487685,0.008182485502219589,0.0062322546486614895,0.0013049481907310206,0.005538495818978244,0.005725423872800648,0.00659822987030757,0.0014378402040881228,0.002550532740093537,0.00017843694666851975,0.0,0.0013547296045287815,0.0,0.00142901720839579,0.001276584545786757,0.0013643036421506203,0.0013248113251350061,0.18423494662820905,0.0,0.00028408079838437844,0.0036355296031842393,0.004096012886612775,0.0036595951897952085,0.0009305017323051455,0.0026525412436688616,0.0016085614977017725,0.0011455730110429792,0.0007016469014302309,0.0007416532142767961
0.0005252569185510317,0.0010995115483646873,0.0009708719596613734,0.0001130009241089132,0.0010971190441549728,0.0001489171750481026,0.0011013715375084393,0.0,0.0011975964051754182,0.0016534896691007537,0.007126401504276432,0.007191288636980194,0.00012110700428252161,0.0013727197924823316,0.005224895231183864,0.0005249858805313152,0.0038360440170041913,0.0,0.002100053760935516,0.0011899671695005899,0.00869897819920511,0.00906229644791628,0.0,0.0013638218877659878,0.0035389525292837285,0.008371506413573785,0.0005891463828313171,0.008046624596993967,0.0034195986205160524,0.001501586538789971,0.00480522945070537,0.008103929241319672,0.004015162458440661,0.00399509606975805,0.002020705787224189,0.00815908219340812,0.0028645349189442104,0.007705212915003692,0.0014923903675601142,0.0016491755723618072,0.00900006038568336,0.0004394468117982631,0.007046001695561182,0.0037681330324307936,0.007408808854215371,0.006467138861502971,0.0004375395835687125,0.000328154829376715,0.0004017385483709289,0.003187575916678766,0.0004185813672753444,0.004229847986140333,0.008997017052404315,0.0006310560782255682,0.00860100410713555,0.005852693281924021,0.0008655199243314442,0.0005708776102023692,0.00043475641910600273,0.0032707831739108785,0.0005280991540056555,0.0007205223242436184,0.0006507037526843044,0.000466320292663126,0.005349089817638994,0.005462501296886311,0.004624856988288411,0.00021220894967246144,0.0004109578855186919,0.0011041379988741215,0.004480841538048288,0.004105708140395419,0.004625401447858837,0.004643908628816867,0.001127735534783924,0.17263331067660603,0.00045159535771859287,0.0018819932828120296,0.0,0.0011914815343648183,0.011827251698426416,0.011770812086844834,0.001024526101551264,0.006033021780975294,0.006390037198544694,0.004867022254417344,0.0010190873517200692,0.00432523764296985,0.0044712173965609486,0.005152827255774171,0.0011228681538383296,0.001991815210779514,0.00013934870113699319,0.0,0.0010579636914187524,0.0,0.0011159779160662842,0.0009969370226750628,0.0010654404485150183,0.0010345992848223926,6.439612197345367e-05,0.0,0.00022185030069115768,0.002839133585321479,0.003198743792955597,0.0028579273850302804,0.0007266668154960076,0.0020714778184599534,0.0012561913863058925,0.0008946247631270221,0.0005479447289172205,0.000579187292951929
0.0014961484035441984,0.25165105156740863,0.24360144118531107,0.0003218732514194269,0.0031250476641764115,0.00042417755166966804,0.003137160519651826,0.0,0.0034112486412102203,0.2569054028239255,0.020298931545824607,0.02048375686954067,0.00034496271199083915,0.00391007229700379,0.014882657196379118,0.001495376375444851,0.010926635955216825,0.0,0.26359972138461085,0.0033895174304978603,0.024778278753775303,0.02581315901634699,0.0,0.003884727393460263,0.3247712882823049,0.023845504006838866,0.0016781319559930309,0.022920106560276286,0.323192822891122,0.004277137955634193,0.013687275916648256,0.023083333828867226,0.011436839173367226,0.011379681819828309,0.268060426132511,0.023240432190266273,0.30140769839584125,0.021947625237478695,0.004250943466007623,0.004697532412442628,0.02563588503505509,0.001251725817773654,0.020069919720932496,0.3333534656578167,0.02110334418816706,0.018421079554416686,0.0012462932449315708,0.0009347203373192524,0.0011443171266461534,0.009079531274087407,0.0011922924235437944,0.2996232913890026,0.38469247446298305,0.0017975080587012146,0.37493186630395214,0.328904811415116,0.002465357822599295,0.0016260949545977654,0.001238365644322004,0.009316539870593922,0.001504244262709011,0.002052344837472733,0.0018534727413861856,0.0013282725781753137,0.015236414616207632,0.01555945729803947,0.30852655564219067,0.000604458637396126,0.0011705776023642315,0.0031450405429500443,0.01276328531222222,0.2960261524916931,0.3102289028232345,0.013227767661540005,0.2360019944141546,0.0,0.0012863298885476763,0.005360693302865196,0.0,0.003393830966396159,0.3856190327032481,0.384077782579929,0.002918273014763461,0.31875409388795245,0.32839052382037653,0.013863287314802184,0.002902781211438595,0.0123200612232391,0.2935168041056789,0.01467737787011472,0.0031983917515836014,0.005673511461750111,0.00039692259041003853,0.0,0.0030135170656873686,0.0,0.003178765511778662,0.002839687935999053,0.003034813954501561,0.002946965596502856,0.00018342672258520604,0.0,0.000631921182724275,0.008087023761334342,0.009111341993132582,0.00814055625645772,0.002069846883525192,0.005900423433956105,0.2482959011980821,0.002548260410954606,0.0015607726475292678,0.001649764359303579
0.003750679170859439,0.007851234161649947,0.006932663060809573,0.0008069007706025892,0.007834150111181232,0.0010633663773090933,0.007864515705011132,0.0,0.008551624421014037,0.011807001568366657,0.3460257097507438,0.3476925822658839,0.0008647835037769375,0.009802120355297622,0.2979232611702633,0.003748743781492528,0.272293394604444,0.0,0.014995762303434768,0.008497146670556047,0.3661088821981453,0.3762851672605791,0.0,0.009738583475143918,0.025270443985508796,0.35142177656353657,0.004206891882106485,0.3464092489481504,0.024418178734418948,0.010722313510536442,0.28054911492992946,0.3505228067117654,0.028670895458232887,0.028527608271699756,0.014429165688068036,0.34591980312662635,0.020454659567972436,0.34023190001577097,0.01065664681169765,0.011776196085928692,0.3669092548598966,0.0031379386839094025,0.32761113418536975,0.026906943209340124,0.3349587595695755,0.31618007563320705,0.0031243198224684475,0.002343240878683636,0.002868676931781828,0.2604615069162211,0.002988945714185712,0.030203891043039995,0.0642446072893404,0.00450615461624791,0.06141681492192592,0.04179207167132001,0.006180380376728712,0.004076440854130348,0.0031044462013685896,0.25422676364855046,0.003770974597615064,0.005145002337398461,0.004646451908383527,0.0033298329767183026,0.31963074937828645,0.3231478460418428,0.033024514597596435,0.0015153111920964278,0.0029345090504803,0.00788427005503449,0.2978952153762318,0.02931745106050047,0.03302840239630607,0.3011953019941602,0.00805277195057289,0.0,0.0032246872759418665,0.22394962287990355,0.0,0.00850796022969776,0.08445434039435702,0.08405132452137362,0.007315788851845103,0.04307973552003188,0.0456290599421587,0.3103735313698561,0.007276952608119553,0.29533713651813426,0.03192742706545848,0.31848471250293664,0.00801801565573028,0.23184897058654425,0.0009950411929511007,0.0,0.007554555191535959,0.0,0.007968814835367606,0.007118784719525216,0.007607944144857892,0.007387717992318866,0.0004598305797403612,0.0,0.0015841567668382587,0.27136859570541694,0.28691710470837567,0.27194411546135916,0.005188878038111626,0.23751984902422316,0.008970031047335557,0.006388208029799764,0.003912685028883384,0.0041357774433392995
0.0010775798106255198,0.002255679847751078,0.0019917719985860336,0.0002318246749375487,0.0022507715559377376,0.0003055079059784555,0.002259495669453759,0.0,0.0024569037777830826,0.0033921820381081487,0.014620019484186073,0.014753137319861295,0.0002484545336407684,0.002816174488677963,0.010719024185895194,0.0010770237682629293,0.00786975561749393,0.0,0.004308321231169929,0.0024412521794064676,0.017846206207799323,0.018591564138015604,0.0,0.002797920178947686,0.007260263809257682,0.017174388336805374,0.001208650900579049,0.016507883862477826,0.007015405801937987,0.003080548358260077,0.009858067659132014,0.016625446003212325,0.00823722229786646,0.008196055519185667,0.004145536560534386,0.016738593884882982,0.0058766765109942954,0.015807467889587267,0.0030616821461220507,0.003383331543459169,0.01846388505034165,0.0009015378865334337,0.0144550769435172,0.007730434261960219,0.01519938635765046,0.013267523041660312,0.0008976251524754256,0.0006732191550586018,0.0008241782898714119,0.006539404492042792,0.0008587318216087702,0.008677655887814835,0.01845764156380644,0.0012946298568408557,0.01764520951484808,0.012006970104806348,0.0017756392409385812,0.0011711719833966388,0.000891915409816653,0.006710106594812216,0.001083410739138362,0.001478172456731694,0.0013349376311408714,0.0009566696123583719,0.01097381298396037,0.011206479924678082,0.009488028318328085,0.000435352818258737,0.0008430920275622642,0.00226517114522428,0.009192576443034374,0.008422979391905174,0.009489145292936265,0.009527113311724069,0.0023135821749105906,0.0,0.0009264609810227303,0.003860963832490778,0.0,0.002444358942870173,0.024263950069555274,0.0241481625685974,0.002101845027640986,0.012376919253489818,0.01310934674271945,0.009984837389087509,0.0020906872745374084,0.008873350536874464,0.009172832237494027,0.010571174643030779,0.002303596601656143,0.004086266704594181,0.00028587790408614013,0.0,0.0021704432135660366,0.0,0.002289461078921768,0.0020452452317301388,0.0021857819977140164,0.00212251045543134,0.00013211051291355867,0.0,0.0004551323296520579,0.005824564937956237,0.006562315714300801,0.005863120963428514,0.0014907780588404764,0.004249696855947597,0.00257711308191631,0.0018353486623092544,0.0011241245119601492,0.0011882195386926835
0.0038657908290888224,0.00809219547620771,0.007145432616541129,0.0008316652683107068,0.008074587101132926,0.0010960020311257242,0.008105884641871543,0.0,0.00881408133156665,0.012169368880348762,0.3501595515914179,0.3518511328771933,0.000891324473717155,0.01010295609113683,0.3013395089359403,0.003863796040911934,0.27526833980485355,0.0,0.015455995500284422,0.008757931610805108,0.37066451924336713,0.3809865017213331,0.0,0.010037469207983658,0.026046016242918947,0.35579803051760917,0.004336005111599275,0.3506908381188838,0.025167594218126227,0.011051390787484745,0.28374809519141975,0.3548492371196679,0.029550830576320346,0.029403145779409605,0.014872009534090581,0.35021477415050223,0.021082431145899035,0.34440607930565736,0.010983708719628924,0.012137617950431962,0.37151911393066267,0.0032342447951154373,0.3315718802946026,0.027732741074104242,0.339040471727512,0.31995036517725256,0.003220207958781865,0.0024151570119727273,0.002956719161868416,0.26323157969106314,0.0030806790994858156,0.031130875150333602,0.06621633106001859,0.004644452483510019,0.06330175124592767,0.043074707282572365,0.006370061712093517,0.004201550426294957,0.0031997243986881347,0.2569555591637622,0.0038867091404266464,0.005302907005772503,0.004789055623522019,0.0034320284933476533,0.3232556623466389,0.32682120671183945,0.03403806613436482,0.0015618174316625788,0.003024571726465598,0.008126245270354052,0.3011944590255062,0.030217229541382812,0.034042073253052495,0.3045488942941764,0.008299918637971667,0.0,0.003323655778097116,0.2261966254512701,0.0,0.008769077047632821,0.08704631873337218,0.08663093394710174,0.00754031687667185,0.044401890672709915,0.04702945611419017,0.3138421218067105,0.007500288714306779,0.2985896691084687,0.03290730801636912,0.3220688397456213,0.008264095641726189,0.23418204795509123,0.0010255798864808108,0.0,0.007786411166325678,0.0,0.008213384804707818,0.007337266513438488,0.007841438673804877,0.00761445358603055,0.0004739431865849403,0.0,0.0016327759379320798,0.2741790425475375,0.28991948486995905,0.2747625270288916,0.005348129290513519,0.23991484784251765,0.009245329226995965,0.006584267779494647,0.00403276879006012,0.004262708107862483
0.00025379600270223387,0.0005312669401284433,0.00046911028450128154,5.460029526048842e-05,0.000530110919172929,7.195447109040854e-05,0.0005321656580569116,0.0,0.0005786600228371023,0.0007989405826102216,0.0034433667631182767,0.0034747192200310782,5.851702757373594e-05,0.0006632769295515858,0.0025245884011779935,0.00025366504133160766,0.001853517018664258,0.0,0.0010147134310110836,0.0005749736943956111,0.004203211450583942,0.00437876119771728,0.0,0.0006589775998908496,0.0017099670160706467,0.004044982158868449,0.00028466640169450957,0.003888004300059745,0.0016522970570805105,0.000725543344212708,0.0023218123999590654,0.00391569301610038,0.0019400642736194804,0.0019303685055934927,0.0009763737198350564,0.003942342067798525,0.0013840988787630318,0.003723039466461727,0.0007210998967951254,0.0007968560779250931,0.004348689696970153,0.00021233388898961124,0.0034045188215695112,0.001820703483391184,0.003579821617908101,0.00312482127126949,0.0002114123458669883,0.00015855932786757249,0.0001941138404977217,0.0015401872824343987,0.00020225202956521702,0.002043796993444479,0.0043472192054947725,0.0003049165169997414,0.004155871887681606,0.002827930689789136,0.0004182058137576322,0.0002758392138865065,0.00021006756393161235,0.0015803917395971552,0.00025516932682543057,0.000348145220543129,0.0003144099688019141,0.00022531873846291624,0.0025845973006067163,0.002639395969747367,0.0022346592215006732,0.00010253607570383222,0.00019856848132781518,0.0005335023693146656,0.002165073187871391,0.001983814543878573,0.0022349222959271615,0.002243864678944967,0.0005449043329557181,0.0,0.0002182038781022338,0.0009093499874457005,0.0,0.0005757054120286391,0.005714744723961589,0.0056874739783367885,0.0004950351343397891,0.002915062625830565,0.0030875669426363985,0.0023516697250584176,0.0004924072147101677,0.0020898877972919637,0.0021604229518580017,0.0024897662723571516,0.0005425524899166419,0.0009624142410381872,6.733113278712785e-05,0.0,0.0005111916595537273,0.0,0.0005392232338089125,0.00048170451899762077,0.0005148043127091444,0.0004999023403839322,3.1115208137520554e-05,0.169537201335581,0.00010719462709606197,0.0013718253480220397,0.0015455834271735328,0.0013809062207782484,0.00035111414349001184,0.0010009059784719465,0.0006069722096243811,0.00043226882080185615,0.00026475840105938294,0.0002798543238090559
0.004073315773169405,0.008526603980944373,0.007529016615194465,0.0008763110590247955,0.008508050345969534,0.001154838054665877,0.008541028013926305,0.0,0.009287242404248445,0.012822649853904602,0.35158868535572363,0.35330024927667153,0.0009391729139829749,0.01064530705903852,0.3021795554432945,0.004071213899968222,0.27563347376397296,0.0,0.016285710491010488,0.009228078431506819,0.37267337332268924,0.3831032827945505,0.0,0.010576304682583918,0.027444229002818284,0.3577355128806901,0.004568772288640221,0.3525126113088013,0.026518651172232167,0.011644656009681483,0.2844898750059127,0.35667624918580354,0.031137190194316336,0.030981577322510872,0.01567037475439804,0.35208705000095475,0.022214186726597824,0.34611052992218877,0.011573340605732734,0.012789194457748735,0.3736532629503617,0.0034078668300167553,0.3330530566794918,0.029221501277397813,0.3406426440380843,0.3212371187689225,0.0033930764625678222,0.0025448084457968417,0.0031154429536761983,0.263374338451297,0.003246057358712977,0.032802055359086785,0.06977098287849028,0.004893777856903941,0.06669994141407257,0.04538706111011002,0.006712021936802228,0.004427099752633995,0.003371493295731005,0.2571632721191869,0.004095357029742128,0.005587579800678191,0.005046143641060844,0.0036162680325916383,0.3240469693776744,0.3276446040081985,0.035865311343286355,0.0016456595456049569,0.003186938007041222,0.008562481649887509,0.3017157087544173,0.03183936305767649,0.03586953357373728,0.305124537926473,0.008745478221345311,0.0,0.003502077609486088,0.225951283330057,0.0,0.009239822182174227,0.09171917436012679,0.09128149072005025,0.007945099211610048,0.04678549089484047,0.04955411036521652,0.31447028412099903,0.007902922241271716,0.2990562382518754,0.03467385141146256,0.32278140515060977,0.008707732160552038,0.23394667128183083,0.001080635480019551,0.0,0.008204404434280383,0.0,0.008654299043906601,0.007731148616797031,0.008262385950633168,0.008023215757732858,0.0004993855960793509,0.0,0.0017204272750571533,0.2741212087321274,0.28994275191318014,0.27471004534060506,0.005635229726366937,0.23968697776312883,0.009741640723314352,0.006937727100798197,0.0042492575124580744,0.004491540525555538
0.0012709736464923667,0.2373062064070347,0.229740654411142,0.0002734303756872058,0.0026547187536957524,0.0003603375763585311,0.002665008588618916,0.0,0.0028978456377325547,0.24211783702221343,0.017243882348555714,0.01740089091474544,0.00029304480419474694,0.00332159485890524,0.012642773298136295,0.0012703178109039332,0.009282144946984375,0.0,0.24831801703817255,0.0028793850384655623,0.021049074561646446,0.02192820228579996,0.0,0.0033000644382595286,0.30568665767937436,0.02025668517122138,0.0014255681363903024,0.019470562775658087,0.3042284972408332,0.003633416050938362,0.011627300434315285,0.01960922385785861,0.009715561072743458,0.009667006069857964,0.2525511034104742,0.019742678451515453,0.2838092103706444,0.018644442766403778,0.003611163909426314,0.003990539899394354,0.021777608562679275,0.0010633373823450544,0.017049337480223484,0.3137279321458717,0.017927228510541144,0.01564865263241335,0.0010587224277733137,0.0007940421637044706,0.0009720940167110663,0.007713034980040633,0.0010128488896201334,0.28175621556632124,0.36079081917801026,0.0015269777827887825,0.35168189124931476,0.3089654520103008,0.0020943141831885406,0.0013813628575160984,0.001051987954487905,0.007914373082222436,0.001277851054923118,0.0017434608731081295,0.0015745196153091458,0.001128363629049198,0.012943289180643715,0.013217712984009663,0.2900559312377644,0.0005134858258079649,0.0009944022132128067,0.002671702645118963,0.010842373146988635,0.2783933639992139,0.29166309869392365,0.011236949529816248,0.22252314047704727,0.0,0.0010927334381848047,0.004553893115636045,0.0,0.002883049374461208,0.3609023866350341,0.3594623970229753,0.002479064300204372,0.29933276296425076,0.30833496183745335,0.011776821596792197,0.0024659040590706022,0.010465855593480112,0.2759255274335379,0.012468389117239726,0.002717024339157561,0.004819631216980244,0.00033718456732874467,0.0,0.002559973839941676,0.0,0.0027003519064545444,0.00241230650807594,0.002578065484039946,0.002503438563582398,0.00015582045866306075,0.0,0.0005368151768903816,0.006869902781612589,0.007740058091843321,0.006915378477988441,0.0017583288094971117,0.005012392266662377,0.23409610216948018,0.00216473968695274,0.0013258717507412133,0.0014014699468516123
0.004744050569294997,0.009930641944431893,0.008768786302995839,0.0010206093045448707,0.0099090331648856,0.001345000102071224,0.00994744111878763,0.0,0.010816531314677197,0.014934098588667555,0.3734480416565427,0.3752944944715437,0.0010938223416400153,0.01239822243745584,0.3201182215658639,0.004741602589979878,0.291119352692933,0.0,0.018967406022179407,0.010747625073620353,0.3969236217848803,0.408145252917689,0.0,0.012317857746493657,0.03196334816030665,0.3810337404552315,0.005321091706091357,0.37527956929705625,0.03088535954399511,0.013562129736136307,0.3012710879569564,0.3796765273168594,0.036264412850235885,0.03608317589877212,0.018250745685946153,0.3749417375428946,0.025872098078156738,0.36827985640386607,0.01347907114172752,0.014895134241188133,0.39822964015185097,0.003969025107631925,0.3540384805524617,0.034033275957593756,0.3622970083763603,0.34116787111308156,0.003951799276141434,0.002963850736923245,0.003628449091854627,0.2777208211106539,0.0037805711901840442,0.03820342395876647,0.08125986038824286,0.005699614496124364,0.07768312418144893,0.0528607466468299,0.007817260743728452,0.005156090583536394,0.003926662105192438,0.271320786173736,0.004769721261579788,0.00650766172094808,0.005877069676454815,0.004211742809566401,0.3430443294596879,0.34690382485638976,0.04177109268493326,0.001916642985456125,0.003711716917750232,0.009972427429587696,0.31893272045116094,0.037082209396751886,0.04177601017129815,0.3226421086324972,0.010185557232762254,0.0,0.004078749157242607,0.2374551623732474,0.0,0.010761302615490877,0.1068221629672143,0.1063124079083128,0.009253383370427018,0.054489449646010324,0.057713965373741107,0.33260067396819415,0.009204261305925499,0.31601199517734335,0.04038344034403389,0.3415391863078237,0.010141595695978268,0.24589838537854905,0.0012585789194040735,0.0,0.009555387231098304,0.0,0.010079363985608375,0.009004202482510264,0.009622916305930611,0.009344363020849976,0.0005816172016378155,0.0,0.002003722384458035,0.2886018329214144,0.3054437550276968,0.2892337473331828,0.006563157948021757,0.25196098528699107,0.011345753384434385,0.008080131773468129,0.004948963852456861,0.005231142531995174
0.0007320147994085045,0.0015323143724480328,0.0013530381375334792,0.00015748169300225062,0.0015289801022512874,0.0002075357261776403,0.001534906512659571,0.0,0.0016690085581836222,0.0023043559555384115,0.00993158049597504,0.010022009274260085,0.000168778584947324,0.0019130660978440995,0.00728158068843013,0.0007316370721770727,0.005346033326654221,0.0,0.0029267019210313045,0.001658376211945223,0.012123173549272191,0.01262950545192549,0.0,0.001900665693954022,0.0049319971510059435,0.011666798421206997,0.0008210531951491333,0.01121403275664194,0.0047656617358985956,0.0020926589068432414,0.006696721067802912,0.01129389433721279,0.0055956585012072405,0.005567693341744181,0.002816120053361673,0.011370757250834536,0.003992107252721278,0.010738230544274602,0.002079842829224083,0.002298343692686736,0.01254277129002795,0.0006124270969654239,0.009819532757486364,0.005251390411931149,0.01032515238873052,0.009012811043992186,0.0006097691228568065,0.00045732703962049725,0.0005598756580144653,0.004442307493414364,0.0005833483477903578,0.005894851101903494,0.012538530003676246,0.0008794598837310253,0.011986633728813718,0.008156500081113877,0.001206216179962589,0.0007955932507693247,0.000605890416067924,0.004558267781724551,0.0007359758294163102,0.0010041428984991062,0.0009068415096930978,0.000649878837266089,0.007454662226398946,0.007612716082140365,0.00644534824960339,0.0002957411625451709,0.0005727240203959,0.001538761941479543,0.006244643723502025,0.005721845852334875,0.0064461070258310885,0.006471899223664452,0.0015716482203755936,0.0,0.0006293576981453322,0.002622805881750523,0.0,0.0016604866791340744,0.016482835301742656,0.016404179258401885,0.0014278122614447043,0.008407811630564376,0.008905359706653957,0.006782837490484004,0.0014202326461629148,0.006027789170958023,0.0062312312128781425,0.0071811444586536,0.001564864883001641,0.0027758572243078753,0.000194200795664001,0.0,0.001474411953471751,0.0,0.0015552624278174342,0.0013893632409251095,0.0014848318006984139,0.0014418505710246366,8.9744490066157e-05,0.0,0.00030917765692100327,0.003956707143784406,0.004457871402091962,0.003982898782653083,0.0010127060575413377,0.0028868775759148956,0.0017506683932923003,0.0012467776118643985,0.0007636332557632309,0.0008071738897599494
0.003996124328284424,0.008365020416619075,0.007386337848446734,0.0008597045103107532,0.008346818382642375,0.0011329532750386736,0.008379171106700794,0.0,0.009111244347603,0.012579653993874106,0.34712004500150623,0.34880812134165834,0.0009213751005395112,0.010443572973371961,0.2983905787254316,0.003994062286669692,0.2722307472345277,0.0,0.015977087837186255,0.009053201562806375,0.3678709900432062,0.3781596138250644,0.0,0.010375878227711447,0.02692414664032726,0.3531244055818975,0.00448219168601824,0.34798046268089144,0.02601610898930865,0.011423983743490707,0.28092924061424956,0.35209273681172687,0.030547124303380618,0.030394460376141744,0.015373413031678485,0.34755335739780313,0.02179321637569456,0.3416719039066454,0.011354019803405778,0.012546832594813546,0.36882227728593364,0.00334328598747139,0.3288030447564457,0.02866773868423763,0.3362841700366131,0.31715677248250307,0.003328775905150679,0.002496583006909809,0.0030564036951352693,0.2601503915445724,0.003184542889506081,0.03218043941046736,0.06844878659434481,0.004801038230330225,0.06543594295723552,0.044526952780368015,0.006584825642615016,0.004343203917990695,0.0033076017505108287,0.25400626008487304,0.0040177478916222815,0.005481692267709219,0.004950516603914253,0.0035477378792541934,0.3199983807827099,0.32354796497899213,0.03518564510624331,0.0016144734443577229,0.003126543880186927,0.00840021818514225,0.2979748123267993,0.031235990627081118,0.03518978732323905,0.3013349197028939,0.008579746876733517,0.0,0.003435711423845332,0.22323439037010098,0.0,0.009064722763312476,0.08998104847282123,0.08955165916455235,0.007794535464026703,0.04589888159594589,0.048615034292529745,0.310559948690013,0.007753157769134375,0.295354983001699,0.03401676395759806,0.31875869842243737,0.008542716123354057,0.2311311576927598,0.0010601568776371522,0.0,0.0080489267183433,0.0,0.00849029559196059,0.00758463934386464,0.008105809454912455,0.007871171661116824,0.0004899219802285915,0.0,0.001687824286588655,0.270793186927145,0.2864114057175223,0.271374145678361,0.005528439202611738,0.2368006124356169,0.009557031583032075,0.006806253576782248,0.004168731880432303,0.004406423504869141
0.003644589937050824,0.0076291593376733085,0.006736570332300874,0.0007840773083406344,0.0076125585153726145,0.0010332886982841732,0.007642065208071063,0.0,0.008309738820749129,0.011473036520196964,0.3386230337885615,0.3402524830602803,0.000840322808754334,0.009524864052953034,0.29160221482434895,0.0036427092908292743,0.2665703371092479,0.0,0.014571602075199907,0.00825680199195956,0.35820968852402196,0.3681593976259396,0.0,0.009463124335027029,0.024555660897353664,0.34383823233555466,0.004087898516863227,0.33894572854515237,0.023727502258258846,0.010419029232364522,0.27460332946050814,0.3429728649459013,0.02785992944562303,0.027720695185810995,0.014021031837474274,0.3384596834722205,0.01987609257716128,0.3329128925525804,0.010355219938398072,0.011443102381289087,0.35897651772314176,0.0030491810228167673,0.32058516616965377,0.02614587118500147,0.3277633985417223,0.30941847292861335,0.0030359473754956534,0.002276961514834019,0.002787535430770041,0.255014929620805,0.0029044023698290037,0.029349563729818836,0.06242742675931393,0.004378696502961364,0.059679619459126663,0.040609968734515375,0.006005566219360329,0.003961137340505179,0.0030166358865162594,0.24890135931461527,0.0036643113007697975,0.00499947419941244,0.004515025438554059,0.0032356475204000654,0.31286393446256255,0.3163034240932813,0.03209040498945376,0.0014724501005372978,0.0028515054656392757,0.00766126079959686,0.2916176660660656,0.028488197003156676,0.032094182820456875,0.29484166534252654,0.007824996561808826,0.0,0.0031334759014700056,0.2193161026756894,0.0,0.008267309685909451,0.08206552070168355,0.08167390426950265,0.007108859280254998,0.04186121057406835,0.04433842648934815,0.30382157412889255,0.007071121532869228,0.28912025156912163,0.03102434895065431,0.31175237736643857,0.007791223360566577,0.2270495064715462,0.0009668961149640643,0.0,0.007340872032959828,0.0,0.007743414202112924,0.006917427476706219,0.007392750861610006,0.007178753880568505,0.00044682411566701645,0.0,0.001539348354822551,0.2657217435796864,0.2809353440416576,0.26628455051590094,0.0050421088610339,0.23260120765855333,0.00871631067358436,0.006207515396700945,0.00380201340437503,0.004018795574141921
0.0008357710054411698,0.001749505508287088,0.0015448185549258799,0.0001798032403244053,0.0017456986366814913,0.00023695196145297306,0.0017524650599690945,0.0,0.0019055748079003078,0.0026309767171522986,0.011339288527292225,0.011442534733529007,0.00019270136034455163,0.0021842252060512144,0.008313676196284224,0.0008353397389309144,0.006103783218795795,0.0,0.0033415343639820374,0.0018934354266841814,0.013841519262452348,0.014419618945285866,0.0,0.002170067161657219,0.005631061313323131,0.013320457256671065,0.0009374297554980606,0.012803516321858614,0.005441149419141384,0.0023892736048930154,0.007645918230777888,0.012894697529593427,0.00638879041166701,0.00635686145413685,0.0032152785576779973,0.012982455037570981,0.004557950870845586,0.012260273625477738,0.002374640968932335,0.0026241122726457368,0.014320591032525401,0.0006992328720728085,0.011211359076781443,0.005995725561956204,0.011788645530439465,0.010290292155534689,0.0006961981551586275,0.0005221488418374951,0.0006392327614125965,0.0050719627571052,0.0006660324839732036,0.006730390746669145,0.01431574858376425,0.0010041150422983019,0.013685626207940966,0.009312607175677182,0.0013771859671708,0.0009083611037030657,0.0006917696781997257,0.00520435932453876,0.00084029347416022,0.0011464707005423127,0.0010353777559475713,0.0007419930439599079,0.008511290412729562,0.008691746914474604,0.00735891568222702,0.00033765968798778683,0.0006539022581966521,0.0017568669595261512,0.007129763179146652,0.006532863631786499,0.007359782007841258,0.007389230006888743,0.0017944145588375037,0.0,0.0007185632265715007,0.0029945639222580187,0.0,0.0018958450327273971,0.018819122022929173,0.0187293172259769,0.0016301912069170215,0.009599539771210688,0.010167610602763166,0.007744240845603889,0.001621537252529709,0.006882171535424909,0.00711444957141813,0.008199004076525336,0.0017866697472546556,0.0031693088516728894,0.0002217269300849215,0.0,0.001683395966561449,0.0,0.0017757062344534215,0.0015862923997291669,0.0016952927290315634,0.0016462193147118293,0.00010246492660531541,0.0,0.0003530006789392924,0.00451753312975237,0.005089732703306532,0.004547437186841258,0.001156247606758227,0.003296065292884198,0.0019988091558234486,0.0014234966001663366,0.00087187108030228,0.0009215831892410443
0.006854845812239461,0.014349134426649812,0.012670328275283629,0.0014747143427334321,0.014317911139752486,0.0019434380351714307,0.014373408145553004,0.0,0.015629187189796466,0.021578805216090305,0.4341918641658251,0.4364299949107458,0.0015805024395090447,0.017914628419999617,0.3694650281642476,0.0068513086406786685,0.33317568762916766,0.0,0.027406673230193627,0.015529622134355693,0.4649501420610486,0.47845658089571985,0.0,0.017798506646581013,0.04618496790484052,0.44640096578767885,0.0076886328813866285,0.43904831376510767,0.04462734417292003,0.01959639908320322,0.34736742197777326,0.4440785234207914,0.05239972781249338,0.052137852155896246,0.0263711454606495,0.4390218067818228,0.03738350605129762,0.4302698217774661,0.019476384793781724,0.021522504257606694,0.46731928138555723,0.0057349842166136865,0.41251849076934866,0.04917587950782964,0.4227524627848478,0.39652781985332575,0.0057100940057843155,0.004282572353591155,0.005242873932079526,0.31638784374682755,0.0054626805115944276,0.05520147327937876,0.11741523526134927,0.008235573797001818,0.11224708309886723,0.07638035524518487,0.011295435470093278,0.007450216946008268,0.005673772421835249,0.3095793254669076,0.006891938299963898,0.009403149701657001,0.008491985039247316,0.006085695575685304,0.39515513215700404,0.3997648834838613,0.060356523519632846,0.0027694249777705272,0.005363190547448065,0.014409511746357686,0.3658643862119889,0.05358139085555454,0.06036362896893672,0.3704613982596745,0.014717470508056054,0.0,0.005893528361746505,0.26791789002278465,0.0,0.01554938529649812,0.15435110688101025,0.15361454383646872,0.013370539651571253,0.07873372559194582,0.08339294197462876,0.3821416825240529,0.013299561449880874,0.36216094835525225,0.0583514557618345,0.3928890726898894,0.014653948934682927,0.2775764413581407,0.0018185650235031073,0.0,0.013806915670200062,0.0,0.014564028143792002,0.013010489407359776,0.013904490809642027,0.013501999353906068,0.0008403991864626982,0.0,0.0028952490694115394,0.32732575996570556,0.34702486906908075,0.32808120660524615,0.009483338155425442,0.2845141815716804,0.016393878804194417,0.011675267082562338,0.007150932234683117,0.007558662150602612
0.005683347218082068,0.011896855955530713,0.010504959108918929,0.0012226844901857274,0.011870968753164984,0.0016113029312759951,0.011916981276592577,0.0,0.012958146684701912,0.017890970264484392,0.399755915392659,0.401773715575811,0.0013103933171942606,0.014853004193323494,0.34143902725401276,0.005680414551950608,0.30923441017727576,0.0,0.0227228510058665,0.012875597376321093,0.42645058401654523,0.4386703753327152,0.0,0.014756727723218361,0.03829192020490266,0.4094075728441982,0.006374639414829852,0.4029486786387651,0.03700049560599742,0.016247358914344954,0.32118066096259745,0.40761835790937323,0.04344457270791613,0.043227451809040834,0.021864295754663452,0.40275255113873865,0.030994635173184893,0.3951665746285947,0.016147855162313665,0.017844291184525823,0.4282329931891554,0.004754870858661605,0.37938266443033186,0.0407716826392417,0.38850860638067786,0.36514151323153904,0.004734234404633421,0.003550677336689192,0.004346862612640521,0.29434528551199635,0.004529104073122626,0.04576749764906733,0.09734887829155002,0.0068281076935279095,0.09306396743873076,0.06332689186440259,0.009365036576221324,0.00617696895218288,0.0047041202082317045,0.28778020374655783,0.005714100570191605,0.007796143948664894,0.007040698050804644,0.0050456453678957205,0.36554410534177095,0.3697308308206853,0.05004154570857432,0.00229612804929846,0.004446617022874355,0.011946914743342441,0.3391658515778088,0.044424288598316056,0.05004743683094824,0.3432649981524395,0.012202243108053044,0.0,0.004886319683458646,0.2504953413953626,0.0,0.01289198299835539,0.12797238011302364,0.12736169627785088,0.011085503804816856,0.06527806934960576,0.06914102195164425,0.3539711435105822,0.011026655834173777,0.3359003661163196,0.0483791456232212,0.36369973143860546,0.01214957742202496,0.2594619533373715,0.0015077708164891793,0.0,0.011447302815245877,0.0,0.012075024165721917,0.010786986433331211,0.011528202285852681,0.011194496939603404,0.0006967742979620438,0.0,0.0024004487037351833,0.3052188090887286,0.3233003744986834,0.3059046139398729,0.007862628131990134,0.26590149064000185,0.013592151894800073,0.009679954664416863,0.0059288322357468545,0.006266880785173359
0.005452623570464092,0.011413885991543202,0.010078495197656202,0.001173047856238036,0.01138904971735892,0.0015458897732449819,0.011433194296275302,0.0,0.012432092098427303,0.01716466061623462,0.3924736131046244,0.39444597987477087,0.0012571960173714807,0.014250025143466124,0.3354776632735472,0.005449809960128656,0.3041041532380241,0.0,0.021800384215227148,0.012352893997848351,0.41835295774039705,0.430306496466596,0.0,0.014157657155019791,0.03673740467647208,0.40162751181382966,0.006115851767057877,0.39534920470853946,0.03549840731501147,0.015587774030819034,0.3156058989251241,0.39994159991386985,0.04168087784646491,0.041472571282494784,0.020976683248240424,0.39512186148468154,0.02973636341723913,0.38776967474571894,0.015492309776594135,0.017119876540607527,0.4200220992680695,0.004561840043128743,0.3723866557406648,0.039116497591226526,0.381286311461572,0.35850243667021914,0.004542041355607615,0.0034065324876768072,0.004170395478186426,0.2896011821141672,0.004345238584688696,0.04390950031145206,0.09339686068131428,0.0065509108493219505,0.08928590194223096,0.06075604568474676,0.008984849458308321,0.005926206020905992,0.004513149688284676,0.2830956188475414,0.005482128446050395,0.007479648281557336,0.006754870795540344,0.004840810143300644,0.35923528563051105,0.36333410870913174,0.0480100372479281,0.0022029134314678687,0.004266100214783936,0.011461912570926326,0.33345697115612427,0.04262082076238539,0.048015689211723396,0.337454444635374,0.011706875513749824,0.0,0.004687952513983554,0.24670721998422487,0.0,0.01236861442200907,0.12277715743859521,0.12219126519129922,0.010635471847347717,0.06262801231598276,0.06633414280585435,0.3479558799246184,0.010579012894640848,0.3302801917584401,0.046415124683005377,0.35747352873033006,0.011656347866929687,0.25552549677003833,0.0014465606934395963,0.0,0.01098258310702219,0.0,0.01158482120720363,0.010349073217544327,0.01106019834736248,0.01074004024919815,0.0006684877440311536,0.0,0.0023029990390228965,0.3004393202036101,0.31818031360815213,0.30111066129002323,0.007543433443918858,0.26185826684449665,0.013040358955919228,0.009286982994157995,0.005688142771060561,0.006012467753827703
0.0054817820232631615,0.011474922894538142,0.01013239096410859,0.0011793208475980928,0.011449953805880398,0.0015541565742451268,0.01149433445237123,0.0,0.01249857396095844,0.017256450364769922,0.39317358684717046,0.3951507968510036,0.0012639189994842143,0.014326228585747015,0.3360364751445919,0.005478953366863547,0.3045696622712393,0.0,0.021916963961825568,0.01241895234057335,0.4191493603396938,0.43113088690422646,0.0,0.014233366650194954,0.036933861641889915,0.4023930006628507,0.006148556899325181,0.3960938816176406,0.03568823861745892,0.015671131219784393,0.3161265869504632,0.40069327816317846,0.04190377053172071,0.04169435002745473,0.02108885817109555,0.39587144834063,0.02989538161057532,0.38849154257597457,0.015575156460861187,0.017211426801795406,0.4208338240128028,0.0045862349414479645,0.37306376792152784,0.039325676995221485,0.3819884697592473,0.3591398887896664,0.004566330378454579,0.003424749262678194,0.004192697087335246,0.2900232663129597,0.004368475184929844,0.04414431077942522,0.0938963097847714,0.006585942503776432,0.08976336728047789,0.06108094474800738,0.009032896844204523,0.0059578970034770565,0.0045372842100356,0.28351527966906404,0.005511444679138344,0.007519646452814346,0.006790993146315204,0.004866696862280709,0.3598224636125708,0.36393037439523557,0.04826677574947407,0.0022146937325434506,0.004288913614634733,0.011523206300883541,0.33397992881492944,0.04284873988689444,0.04827245793771406,0.3379886570600814,0.011769479207674582,0.0,0.004713021811421162,0.24702878832397482,0.0,0.012434756831282942,0.1234337206331222,0.12284469526812303,0.010692346102437788,0.0629629219090284,0.06668887130434241,0.34851030023852986,0.01063558522980442,0.33079301920590826,0.04666333422924352,0.3580500750323789,0.011718681359182564,0.25586049926728205,0.001454296322198039,0.0,0.011041313574475074,0.0,0.01164677220345169,0.010404415927164422,0.011119343870117215,0.010797473694331365,0.000672062549458154,0.0,0.002315314557948391,0.30085587548209725,0.31863021840308076,0.3015287149838576,0.007583772712745126,0.2622029532097618,0.013110093586631436,0.009336646069516381,0.005718560686466042,0.006044620029689095
0.0012593450054112754,0.23595997458022397,0.22843813792926645,0.00027092865292662014,0.0026304296807923393,0.00035704070521169984,0.002640625369941957,0.0,0.002871332100711077,0.24073978572240573,0.017086111241948337,0.017241683274604975,0.0002903636212622258,0.0032912042724933133,0.012527099559849608,0.001258695170322291,0.009197218927983874,0.0,0.2469012376016329,0.0028530404047754873,0.02085648824497337,0.021727572481524404,0.0,0.0032698708421901685,0.30393444756638405,0.020071348738795024,0.0014125250491158546,0.019292418888261335,0.30248551714128386,0.003600172488987849,0.011520917659294088,0.019429811305323702,0.009626669558015239,0.009578558804074487,0.2511111516831372,0.01956204487006735,0.28218598559194796,0.018473857378039662,0.0035781239411283063,0.003954028869965932,0.021578356599997912,0.001053608487649619,0.016893346341638447,0.311928471342792,0.01776320519935518,0.015505476914044039,0.0010490357571243559,0.0007867771575806566,0.0009631999436918443,0.00764246536935175,0.0010035819341334639,0.28013294126696914,0.35868174304917566,0.0015130068585104902,0.34962749979695384,0.3071750868446311,0.0020751524735696586,0.001368724221839318,0.00104236290020127,0.007841961349525218,0.0012661594897094687,0.0017275092593289983,0.0015601137119829048,0.0011180397834782189,0.012824865903571164,0.013096778894913385,0.28838253954574966,0.0005087877406942195,0.0009853040336717848,0.002647258179868851,0.010743171982478612,0.27679009061387555,0.28998064830142883,0.011134138229763568,0.22125994977549457,0.0,0.0010827355873363413,0.004512227744595874,0.0,0.002856671214310367,0.35876860421561135,0.3573372070172863,0.002456382359439052,0.2975951299801251,0.3065435772062479,0.011669070793458794,0.0024433425265616656,0.010370099337133658,0.27433304723318963,0.01235431088886425,0.0026921652077854436,0.0047755345028428885,0.00033409953222800107,0.0,0.0025365516257645207,0.0,0.0026756453177699847,0.0023902353607807834,0.0025544777422482987,0.002480533613031453,0.00015439479559610064,0.0,0.0005319036423072935,0.006807047321210369,0.0076692412360058766,0.006852106942435861,0.0017422411630816145,0.004966531905365731,0.23276662171739235,0.002144933626517861,0.0013137408251697206,0.0013886473434539333
0.006987444916989208,0.0146267019213862,0.012915421196730259,0.0015032409948222245,0.014594874655930741,0.0019810316077562757,0.014651445187451156,0.0,0.015931515832350744,0.021996222373470247,0.43866154082873776,0.4409269426142134,0.0016110754406055109,0.018261166293422663,0.37314227268630484,0.006983839322914596,0.3363601424766939,0.0,0.027936823788504327,0.015830024805476395,0.4698969270950674,0.48356369167700164,0.0,0.01814279827791212,0.04707836296649792,0.45115334075929026,0.007837360637596838,0.44369430828828044,0.04549060879575403,0.019975468874986423,0.35080862501835036,0.44877250426923676,0.053413340253587425,0.05314639891373906,0.026881264925782307,0.44368449554673706,0.038106646960748586,0.43479579080266956,0.019853133047229805,0.021938832337727126,0.47232986167055446,0.005845920887358213,0.4168064363230955,0.050127130312972036,0.42717504216566243,0.4006035993298196,0.005820549204040123,0.004365413788054683,0.005344291295613543,0.31934343140923355,0.0055683497804900174,0.05626928226271767,0.11968649788433011,0.008394881495890261,0.1144183737649686,0.07785784533079636,0.01151393267223583,0.007594332820280485,0.00578352502084278,0.3124941252860553,0.00702525491620842,0.009585042812956657,0.008656252718578904,0.0062034163541271085,0.3990521306911659,0.4037150097538213,0.061524051018241294,0.002822996317342935,0.00546693529746478,0.01468824717087102,0.3694016198975372,0.054617861208542944,0.06153129391428606,0.3740591229150567,0.015002163040463515,0.0,0.006007531886550738,0.27029785952063967,0.0,0.015850170263250116,0.1573368514404299,0.15658604043131372,0.013629177356398075,0.08025673891902366,0.08500608248152967,0.38586436683185343,0.013556826163066645,0.3656458071630774,0.0594801975317878,0.39673883660791714,0.014937412715344196,0.2800485183881137,0.0018537430713616234,0.0,0.014073994566993752,0.0,0.014845752510220318,0.013262162354502019,0.014173457185233966,0.01376317999541122,0.0008566557417244373,0.0,0.00295125433125799,0.33031459488018416,0.35022194531863843,0.3310787793478465,0.009666782420094869,0.2870525363200737,0.016710999526141322,0.011901111690197096,0.007289258790584934,0.007704875772575862
0.00023840454073594574,0.0004990482494640091,0.00044066108504573604,5.1289059626742525e-05,0.0004979623354147486,6.759079123217316e-05,0.0004998924646317279,0.17062517517630965,0.0005435671780401804,0.0007504888203301175,0.0032345437398782436,0.00326399482662373,5.496826165665374e-05,0.0006230524913192509,0.0023714847039426517,0.00023828152151938667,0.0017411104543650186,0.0,0.0009531761214640436,0.0005401044070361521,0.003948307636145889,0.004113211166524728,0.0,0.0006190138945630884,0.0016062660435918288,0.0037996741619352506,0.0002674028039699164,0.0036522162274660874,0.0015520934800332333,0.0006815427584334072,0.002181006056020097,0.0036782257609534233,0.0018224090498900423,0.0018133012818452093,0.0009171615225832508,0.0037032586805561775,0.0013001601838141706,0.0034972556884001554,0.0006773687839436829,0.0007485307304593995,0.004084963352341182,0.00019945689746200256,0.0031980517322624425,0.0017102868963758946,0.0033627232881807685,0.002935316443627975,0.00019859124133433267,0.00014894349531587855,0.00018234180405372733,0.001446782604164653,0.00018998645253676444,0.0019198508975387784,0.004083582038840924,0.00028642485076258345,0.0039038389816666735,0.002656430795418242,0.00039284371660875344,0.0002591109410841721,0.00019732801371734996,0.001484548861486959,0.0002396945795993886,0.000327031949003461,0.00029534257205369145,0.00021165428056594613,0.0024278543628657623,0.002479329765986062,0.0020991382832308294,9.631777402624609e-05,0.00018652629313131158,0.0005011481110174408,0.0020337722955383877,0.0018635060844261996,0.0020993854035052167,0.0021077854755857306,0.0005118586024215247,0.0,0.00020497090100665908,0.0008542024453378914,0.0,0.0005407917496435738,0.005368173954014921,0.0053425570431219795,0.0004650137220202793,0.0027382786140372063,0.0029003214042513355,0.0022090526832408836,0.00046254517261161936,0.001963146523972667,0.0020294040731500054,0.0023387743635882334,0.0005096493869348969,0.0009040486165640599,6.324783534191143e-05,0.0,0.00048019043454729585,0.0,0.0005065220336081906,0.0004524915420231978,0.00048358399830395566,0.00046958575628900875,2.9228225925339447e-05,0.0,0.00010069380750720822,0.0012886309815085388,0.0014518514996341666,0.0012971611446154238,0.0003298208215786626,0.0009402060220681588,0.0005701623718824202,0.0004060538724033588,0.0002487021242986266,0.00026288255461195796
0.004883926435094161,0.010223441761725013,0.009027329410457209,0.001050701439531769,0.010201195858542745,0.0013846567311541498,0.010240736251006972,0.0,0.011135451119701338,0.01537442272507961,0.3776295540150468,0.3795025991065185,0.0011260731249806532,0.012763777583312442,0.3235262162892394,0.004881406278381023,0.29403591428056347,0.0,0.019526650132368314,0.011064513213933926,0.40159242208365337,0.4129694732330229,0.0,0.012681043381198586,0.0329057708711226,0.3855197817202726,0.005477981329950676,0.3796582590469261,0.031795998320633775,0.013962002083872367,0.30445607440167566,0.384099141293016,0.03733365021839461,0.03714706958959638,0.01878885943853235,0.379340373760451,0.02663492344560658,0.37253869280234075,0.013876494549968685,0.015334309534062495,0.4029681759108688,0.004086049750434401,0.35806053469469107,0.035036729413878816,0.366452486786349,0.3449793060576467,0.00406831602425378,0.003051238335742251,0.0037354320278115624,0.2804089719967232,0.003892039367160274,0.03932983206185701,0.08365576514526438,0.0058676646677491865,0.07997357073005709,0.05441931829272922,0.008047748614533196,0.005308115235039684,0.004042437696881834,0.27397825381803104,0.004910354014401239,0.006699536745096681,0.006050352021857446,0.004335923857682641,0.3466465053496522,0.3505571507517274,0.04300269164648278,0.0019731542079025597,0.003821154962283738,0.010266459270196888,0.3221834684410267,0.03817555907111829,0.04300775412237777,0.3259528070547627,0.010485873094865568,0.0,0.0041990089566299686,0.23958524968164444,0.0,0.011078594031018988,0.10997175893237673,0.1094469740104567,0.00952621457060168,0.05609604275348811,0.05941563165183781,0.33602947989665366,0.00947564416755452,0.31921010939573596,0.04157412509740282,0.3450910738078446,0.010440615375014034,0.24811277455059766,0.0012956874648246556,0.0,0.00983712285816915,0.0,0.010376548795002464,0.009269686713691059,0.009906642992681543,0.009619876708739969,0.0005987658825918771,0.0,0.002062801097733405,0.2913008443314773,0.3083389736168676,0.2919411784178054,0.006756669249587123,0.2542360676402792,0.011680277027176111,0.008318370259984333,0.005094881479927266,0.005385380051198177
0.0004333286116851597,0.0009070795566082213,0.0008009539399588878,0.21659141404518673,0.0009051057786511285,0.00012285430318115982,0.000908614018097343,0.0,0.0009879980049484728,0.0013641027037277792,0.005879168005397943,0.005932698858848319,0.22003649636274267,0.0011324720168370658,0.004310455544260184,0.00043310500962557804,0.0031646753608445604,0.0,0.0017325109837691215,0.000981704006742201,0.007176518791108109,0.007476250573315175,0.0,0.0011251313868301802,0.00291957960413845,0.006906359771356154,0.30964113451430436,0.006638337434918121,0.0028211145258903287,0.0012387850349005259,0.0039642379436845045,0.00668561285593927,0.003312445228910251,0.003295890777093875,0.0016670501662644033,0.006731113165054196,0.002363195791830696,0.006356678222169329,0.0012311983397593257,0.001360543642467395,0.0074249068108788105,0.27162815015444397,0.005812839440728222,0.0031086498776495162,0.006112149581759296,0.005335286800525899,0.0003609632041176293,0.00027072251998861953,0.00033142791894338967,0.0026296994819712447,0.00034532297691397,0.0034895573779965003,0.007422396109280935,0.0005206112373109072,0.007095691721919318,0.004828378960664366,0.0007140401848128167,0.0004709649574032223,0.00035866713765924854,0.0026983441470581613,0.00043567341077325566,0.0005944194686934285,0.0005368202565457846,0.27644469026967944,0.004412914104684051,0.004506476773000672,0.003815433528235798,0.00017506901156562216,0.0003390337255987655,0.0009108963047660821,0.0036966230701348034,0.0033871439777887567,0.0038158826987301567,0.0038311508289489335,0.0009303638969363924,0.0,0.0003725589944507292,0.0015526145542098186,0.0,0.000982953333692546,0.009757294720968316,0.009710732938216055,0.0008452177544754893,0.00497714710703494,0.005271679153699482,0.0040152160248842885,0.0008407308722842831,0.0035682523291778877,0.0036886833063314523,0.004251000609678096,0.0009263483849969861,0.0016432158997570915,0.00011496046424366495,0.0,0.0008728032348064234,0.0,0.0009206640483181323,0.0008224572027818995,0.000878971440608205,0.0008535279706153734,5.3125777399834086e-05,0.0,0.00018302297295888856,0.0023422400952088328,0.0026389128024466046,0.002357744681342738,0.0005994885763431752,0.0017089362852869216,0.0010363379333306253,0.0007380512143550821,0.00045204569473715885,0.0004778203136341199
0.00025776827345997907,0.0005395820282636373,0.00047645253199707176,5.545486804303128e-05,0.0005384079139252957,7.308066156763527e-05,0.0005404948124142238,0.1771732311320056,0.0005877168805610943,0.0008114451464319061,0.0034972603822284796,0.0035291035499738126,5.9432902823883385e-05,0.0006736581629969211,0.0025641018236691594,0.0002576352623564281,0.001882527213363272,0.0,0.0010305951487945813,0.0005839728558024202,0.004268997726790046,0.004447295078769966,0.0,0.0006692915426723944,0.001736730447733579,0.004108291920149938,0.00028912183838824797,0.0039488571331330645,0.0016781578713292284,0.0007368991361834517,0.002358152087752134,0.003976979217216839,0.0019704290567531487,0.0019605815360778144,0.0009916553662543735,0.00400404536472286,0.001405762007588544,0.0037813103637378692,0.0007323861424528756,0.0008093280162644339,0.004416752915988024,0.00021565721831368005,0.0034578044147826567,0.0018492000992897612,0.0036358509508343756,0.003173729197426261,0.00021472125172197553,0.00016104100833042463,0.00019715199998042793,0.001564293418221901,0.00020541756335685496,0.002075785342139444,0.004415259409216011,0.0003096888969865636,0.004220917231960496,0.0028721918533392947,0.0004247513334152352,0.000280156492454705,0.0002133554220242213,0.001605127132692962,0.00025916309207165247,0.0003535941916233975,0.0003193309348995589,0.00022884529926938568,0.002625049948278211,0.0026807062950366077,0.002269634837288869,0.00010414091207160653,0.00020167636231644448,0.0005418524451166976,0.0021989596826191044,0.002014864081371424,0.0022699020292067276,0.0022789843733200124,0.0005534328658109351,0.0,0.00022161908115895433,0.0009235826165069416,0.0,0.000584716025863878,0.005804188659694514,0.0057764910878619164,0.000502783142847636,0.0029606875289113614,0.0031358917852195374,0.002388476722730814,0.0005001140925138768,0.002122597533047304,0.0021942366637551732,0.002528734678683504,0.0005510442130615738,0.000977477401630984,6.83849614014814e-05,0.0,0.0005191925408096507,0.0,0.0005476628493298434,0.0004892438842922466,0.0005228617371585552,0.0005077265276338997,3.160220568708733e-05,0.0,0.0001088723764619599,0.0013932963785215824,0.0015697740203509216,0.0014025193799359272,0.0003566095824644882,0.0010165715898574862,0.0006164721936012122,0.00043903444665125454,0.00026890224904437064,0.0002842344445952746
0.005738559914935543,0.012012431773121508,0.010607012898786563,0.001234562650275841,0.011986293081237059,0.001626956449681596,0.012032752608060712,0.0,0.01308403275099909,0.018064777825367674,0.3999710464849403,0.4019934898800135,0.0013231235527763627,0.014997298459786803,0.34151674202929627,0.005735598758479659,0.3091945621948462,0.0,0.022943599419801522,0.013000681490922514,0.42681499889275976,0.43905926334655687,0.0,0.014900086681076714,0.03866391932814549,0.40975990668219753,0.006436567891140685,0.4032717338888964,0.037359948771347344,0.016405199086339608,0.3212402740254136,0.4079407348311597,0.04386662892422815,0.04364739873483968,0.0220767034586264,0.40308976576898453,0.03129574248376001,0.39546050759251555,0.01630472867323945,0.018017645266536146,0.4286314981107514,0.004801063574542394,0.37962162123951715,0.041167772208889085,0.3887770936148912,0.3653328253466607,0.004780226641071958,0.0035851715289129957,0.004389091601735512,0.29425030219429665,0.004573103505255082,0.04621212066372331,0.09829460514931383,0.006894441532672246,0.09396806715761274,0.06394210123821281,0.009456016223542455,0.006236977095473008,0.004749819890664107,0.28770632165764154,0.005769612030334057,0.007871882086059385,0.007109097167064715,0.005094662905877817,0.36559720615357966,0.36979095496338427,0.0505276903320273,0.0023184345206538155,0.0044898151081376285,0.012062976873060616,0.3391557931003167,0.044855862578435816,0.05053363868559637,0.34326821669505997,0.012320785706948622,0.0,0.0049337894010493,0.25031231163966683,0.0,0.013017226296330177,0.1292156087875482,0.12859899226866434,0.011193197482073826,0.06591223406203314,0.06981271455437853,0.3539840918938306,0.011133777813971686,0.33587656909205144,0.04884914032859956,0.3637317399112768,0.012267608383245464,0.25927759484917995,0.0015224185390056713,0.0,0.011558511304869255,0.0,0.012192330855455612,0.01089178006797159,0.011640196699294345,0.011303249465577373,0.0007035433350474918,0.0,0.0024237686315006363,0.30506296444555725,0.3231588458840098,0.30574994638227676,0.007939012151277566,0.2657162753281458,0.013724197207774512,0.009773993684370015,0.0059864297754301495,0.006327762405762684
0.0,0.0,0.0,0.0,0.0,0.12979695163323113,0.0,0.0,0.0,0.0,0.0,0.0,0.0,0.0,0.0,0.0,0.0,0.0,0.0,0.0,0.0,0.0,0.0,0.0,0.0,0.0,0.0,0.0,0.0,0.0,0.0,0.0,0.2105428480439905,0.20933928609815677,0.0,0.0,0.0,0.0,0.0,0.0,0.0,0.0,0.0,0.0,0.0,0.0,0.0,0.0,0.0,0.0,0.1753269895690093,0.0,0.0,0.0,0.0,0.0,0.14242720539692708,0.0,0.0,0.0,0.0,0.0,0.0,0.0,0.0,0.0,0.0,0.0,0.17300050358192148,0.0,0.0,0.0,0.0,0.0,0.0,0.0,0.0,0.0,0.0,0.0,0.0,0.0,0.0,0.0,0.0,0.0,0.0,0.0,0.0,0.0,0.0,0.0,0.0,0.0,0.0,0.0,0.0,0.0,0.0,0.0,0.0,0.0,0.0,0.0,0.0,0.0,0.0,0.0,0.0,0.0,0.0,0.0
0.00030857568794098473,0.0006459363417270772,0.000570363706358327,0.20087433105929822,0.0006445308035869022,8.7485225065592e-05,0.000647029040193914,0.0,0.00070355881388881,0.0009713850386846553,0.004186587875495295,0.004224707490688209,0.20406829777979354,0.0008064395524459664,0.003069499103086046,0.000308416459684415,0.002253582732016814,0.0,0.0012337306013624073,0.000699076823145464,0.005110438506185143,0.005323879156994333,0.0,0.0008012122494403187,0.002079048695496845,0.004918056782187672,0.28709585130864035,0.00472719660213105,0.002008931171661024,0.000882145637392533,0.0028229556453174655,0.004760861689482586,0.0023588104678868103,0.002347021951689234,0.0011871155931446392,0.004793262709881551,0.0016828447223171694,0.004526625527442765,0.0008767431100512386,0.0009688506115842242,0.005287316981342774,0.25186438139214995,0.004139354939748214,0.002213686677260803,0.004352495337556705,0.003799287077842217,0.0002570438831602179,0.0001927829956155795,0.00023601164412635515,0.001872623465991915,0.00024590639133812456,0.0024849330034711994,0.005285529096924601,0.0003707301257544039,0.005052881105619806,0.003438315216788186,0.0005084719432424884,0.0003353767367486596,0.0002554088416055009,0.0019215057095859844,0.0003102454322693798,0.00042328937331019795,0.0003822726575106153,0.25632707710147773,0.0031424604075456935,0.003209086898303177,0.002716991202565408,0.00012466760611750345,0.0002414277808820188,0.0006486542690846298,0.0026323856218249068,0.002412003857849861,0.0027173110593451404,0.0027281835788575477,0.0006625172485522139,0.0,0.0002653013092400251,0.0011056253643379902,0.0,0.0006999664757388312,0.00694822324161073,0.006915066339995893,0.0006018842121523835,0.0035442538321302057,0.0037539917226579855,0.002859257417348996,0.000598689078663558,0.0025409721110755735,0.0026267316723472107,0.0030271609171333377,0.0006596577804125061,0.0011701430808624216,8.186397893748584e-05,0.0,0.0006215279844322653,0.0,0.000655609932996329,0.0005856762980950751,0.0006259203977124416,0.0006078019627766285,3.783115830916838e-05,0.0,0.000130331665777073,0.0016679220554841937,0.0018791843221810528,0.0016789629565544099,0.0004268991127506299,0.0012169429288986476,0.0007379819427875274,0.0005255703294541959,0.00032190422573718163,0.00034025847362913745
0.002656322173830651,0.005560434909378989,0.004909880523826674,0.0005714667427930276,0.005548335569496367,0.0007531019205529297,0.0055698412212830065,0.0,0.0060564683186715,0.0083620055578678,0.30248071404129384,0.30389537216590945,0.000612460701649208,0.006942099940893515,0.26169692937115957,0.002654951484028583,0.2404884795233735,0.0,0.010620363434332349,0.006017885851355639,0.3184265703776446,0.3271086728238812,0.0,0.006897101577685169,0.017897142795572925,0.3056224538077397,0.002979423107198738,0.30154862427564527,0.017293547824815517,0.007593803104805549,0.24659511467301418,0.3051826011545663,0.02030542519898688,0.020203945729942736,0.010219085936456897,0.3009505475139977,0.014486487191628341,0.29644619569234376,0.007547296352225121,0.008340188366274528,0.31873086900202197,0.002222364464268357,0.28596834025936585,0.01905615133181188,0.29209753349964335,0.2764528960243597,0.0022127192554994993,0.001659540158228859,0.0020316667452264263,0.23070787294843684,0.0021168440208519075,0.0213911299417294,0.04549959277178401,0.003191368251074879,0.043496881469011914,0.029598161189939694,0.004377095637761643,0.0028870345177122577,0.002198644273876968,0.22496376750149186,0.002670695888473368,0.0036438157386067273,0.003290730204217581,0.002358268667693739,0.28112119646166467,0.28413876693284223,0.023388764116950102,0.0010731802258888395,0.0020782906521731063,0.005583831732229492,0.26270521938138774,0.020763331595316774,0.023391517550514884,0.2654579009187608,0.005703168871201194,0.0,0.0022838019261431915,0.19955982900966712,0.0,0.006025544276834762,0.05981261708779183,0.059527191448582505,0.005181219523440677,0.030510116032771466,0.03231560956668836,0.2734337586287344,0.005153714751462851,0.260612030025967,0.022611780054731984,0.2803592326508207,0.0056785536182123696,0.20653853536473965,0.0007047123638957512,0.0,0.005350319650002524,0.0,0.005643708401080649,0.005041696407445212,0.005388131004716221,0.005232161489436998,0.00032566319579124055,0.0,0.001121938335667377,0.2410384690635849,0.2545755863604408,0.24153192144386706,0.0036748895765404675,0.21154735041069367,0.006352794063568751,0.0045242842342902365,0.002771058661105531,0.00292905813275772
0.0026207492195575496,0.005485970637417331,0.004844128350735181,0.0005638137703824337,0.0054740333295610274,0.0007430165248706052,0.0054952509818063594,0.0,0.005975361262953973,0.00825002319207198,0.3007573371152227,0.30216254118463703,0.0006042587460474065,0.006849132677287619,0.26024747012986005,0.002619396885768969,0.23919913456903144,0.0,0.010478137575385273,0.005937295484599672,0.3165594695318565,0.32518509227694276,0.0,0.0068047369234813075,0.01765746771076648,0.3038294442189835,0.0029395232475368503,0.2997889370167036,0.017061955967452556,0.007492108358111239,0.24523451909478217,0.3034034600471368,0.02003349886067762,0.019933378385112336,0.010082233908373935,0.29918867752251826,0.014292486948915878,0.29472535086863433,0.0074462244149924185,0.008228498172101025,0.3168490508297144,0.002192602987951808,0.2843254085175568,0.018800955028206032,0.2904100328212806,0.27487984629707285,0.0021830869459586793,0.001637315916476618,0.00200445905598672,0.2294927196054164,0.0020884956539636928,0.021104664054886393,0.044890271000102476,0.0031486300629203915,0.04291437962086889,0.029201788323368602,0.004318478417115342,0.002848371908223387,0.0021692004537756378,0.22377168718087778,0.00263493044418578,0.003595018460954922,0.0032466613799488233,0.002326687188494407,0.27957579752748196,0.2825743060661435,0.023075546298481634,0.0010588084032694144,0.0020504585845631186,0.005509054134528363,0.26128393335403105,0.020485273062856357,0.023078262858595135,0.26401659293839214,0.005626793133549444,0.0,0.002253217691185593,0.19854739748928354,0.0,0.0059448513499217315,0.059011618054775374,0.05873001478068124,0.0051118336307948075,0.03010153044281808,0.03188284515552304,0.27194545326543473,0.005084697197418941,0.25920736519384535,0.022308967456981302,0.27882605186009074,0.005602507523281531,0.20548875457343388,0.0006952749918241241,0.0,0.005278669201073151,0.0,0.005568128946577643,0.004974178981461348,0.005315974193416541,0.005162093391806798,0.000321301977078223,0.0,0.0011069135538449289,0.2397906014363353,0.25324879438250397,0.24028092573101403,0.0036256761640437256,0.21047072587036889,0.006267718670622771,0.00446369589234494,0.00273394917792208,0.0028898327511205258
0.0013201025079912312,0.2405481857779057,0.23287355246763827,0.000283999692441957,0.0027573356020692014,0.0003742662482319499,0.0027680231855028714,0.0,0.0030098604362881016,0.24545806952916185,0.017910436143705556,0.018073513798836476,0.00030437230704107114,0.003449989475291547,0.013131473484831643,0.001319421321400533,0.009640941696839347,0.0,0.2517685093770722,0.00299068625163161,0.02186271619117381,0.0227758261653283,0.0,0.0034276268068200587,0.3099926448120857,0.021039697378397785,0.0014806727718980487,0.020223187808089082,0.30850767693446135,0.00377386396221248,0.012076748016662616,0.02036720876625674,0.010091111309873762,0.010040679437221202,0.25605337381256454,0.020505821981625566,0.2877812680750156,0.019365134535994803,0.0037507516751093604,0.004144792257469675,0.02261941131587175,0.0011044401661265814,0.017708371239125525,0.31815551414208665,0.01862019671565188,0.016253543607095168,0.0010996468227545666,0.0008247354731940548,0.001009669833048938,0.00801117855549248,0.0010520000655353497,0.28578431250700237,0.3661678247305433,0.0015860023583254275,0.3569128149230682,0.31345681543973825,0.0021752688683820036,0.0014347587597001261,0.0010926520317149542,0.008220299283037004,0.001327245759263963,0.0018108534960787216,0.001635381897010462,0.0011719799704303932,0.013443605661044801,0.013728637181624053,0.2942192228453864,0.0005333343679766958,0.0010328403419198205,0.0027749759974661538,0.011261479750911914,0.2823688794332794,0.2958479246205614,0.011671308289845328,0.22556907515262103,0.0,0.0011349725120538175,0.004729921615342673,0.0,0.0029944922307337924,0.36645398622020914,0.3649912801963522,0.00257489131202924,0.30370628745045863,0.3128507552108654,0.012232048846170981,0.0025612223682439732,0.010870408096467268,0.2798903827415996,0.012950348569149176,0.0028220495793078227,0.005005931692358391,0.0003502182710200571,0.0,0.0026589283702502364,0.0,0.0028047326819147806,0.002505553030263986,0.002677719337957335,0.002600207750575839,0.00016184362189187673,0.0,0.0005575655036565742,0.007135455496415109,0.008039246232397436,0.007182689033478673,0.0018262961452397933,0.005206143825655313,0.23730471887855467,0.0022484166353732714,0.0013771226714720964,0.001455643078689328
0.0011906120274739512,0.23342024342001505,0.22598930996472422,0.00025614181290726194,0.0024868651576166294,0.00033755401109007753,0.0024965043828311336,0.0,0.002714619519900505,0.23809212091405205,0.016153579408351264,0.016300660575484703,0.00027451605265452694,0.0031115757595151458,0.011843391081262677,0.001189997659314714,0.008695249854421381,0.0,0.24414286326941856,0.0026973261546271044,0.019718175439322742,0.020541717331754306,0.0,0.0030914066727303013,0.3004375716619003,0.018975887555316245,0.0013354317564759307,0.018239470414168315,0.29901619914680977,0.0034036809992111046,0.01089212493300271,0.01836936417920907,0.009101261775796827,0.00905577682763205,0.24831797809251635,0.018494380653600966,0.2789840786969271,0.017465584644097785,0.003382835824809248,0.0037382244812439115,0.020400645407482407,0.0009961042702786621,0.015971335299074137,0.30832516251798825,0.016793718691831595,0.014659213500871866,0.0009917811118602925,0.0007438361550903018,0.0009106300758680685,0.007225352186418321,0.0009488080837265496,0.27680706940963923,0.3540428552303482,0.0014304294340730466,0.34512365534644796,0.3033991306772015,0.0019618940665647668,0.0012940215062707278,0.0009854724484867924,0.007413960004297159,0.0011970545884334974,0.0016332246468536377,0.0014749652730049634,0.0010570190120131647,0.012124905827967077,0.01238197825571911,0.28492999336238306,0.0004810189431005083,0.0009315277609927969,0.002502775184907591,0.010156827335320202,0.27351173256913897,0.2865116343156554,0.010526455288227198,0.21886816538263956,0.0,0.0010236416607978865,0.004265957779904026,0.0,0.002700758800552662,0.35382814966097725,0.3524174465272575,0.0023223170526394925,0.293898386781053,0.3027170199598466,0.011032192112914905,0.002309988912381377,0.009804116381006166,0.27104108850139125,0.011680032931587694,0.002545231261142348,0.004514893688600224,0.0003158649295743796,0.0,0.0023981108123405474,0.0,0.002529612999537756,0.0022597802483122946,0.0024150585508869948,0.002345150170555654,0.00014596818173433457,0.0,0.0005028732168445348,0.006435529880527562,0.007250666670334528,0.006478130221779543,0.0016471525075431907,0.004695466767210809,0.23024303591324827,0.0020278666790213497,0.0012420390129071921,0.001312857256694371
0.0010887296982234646,0.22624452731960254,0.21905379591290539,0.00023422340127085244,0.00227406064284332,0.0003086690442796324,0.0022828750261325264,0.0,0.0024823257471733085,0.2307059546794837,0.014771295122724444,0.014905790349559403,0.0002510253317347735,0.002845313888558452,0.010829935613200985,0.0010881679024031894,0.007951185215276962,0.0,0.2365181682207033,0.0024665121992492847,0.018030863707229648,0.018783933973052253,0.0,0.002826870698617481,0.290934836527207,0.01735209443117594,0.0012211570013371809,0.01667869353033873,0.2895713120716983,0.003112423276104626,0.009960070633991442,0.016797472105013457,0.0083224541311236,0.008280861393316128,0.24057737198941945,0.016911790745592306,0.2702128874402333,0.01597103024333506,0.003093361852305557,0.003418339406490914,0.018654933769798626,0.0009108662406850408,0.014604645895673337,0.2985558266962825,0.01535665679625229,0.013404804187018633,0.0009069130209530092,0.000680185059424729,0.0008327061921224742,0.006607068737720754,0.0008676172546813874,0.26792999689834657,0.3422382571024342,0.0013080255953674895,0.3336377191499108,0.2935164406610287,0.0017940120591333401,0.001183290283910412,0.0009011441986898941,0.006779537121966357,0.0010946209602697194,0.001493467339375578,0.001348750440540898,0.0009665684231387753,0.011087360750989338,0.01132243513309671,0.275758392655073,0.0004398574822670721,0.0008518156332287309,0.002288609226942512,0.009287693475726227,0.26474960913027695,0.27729227894344616,0.009625691849954984,0.21212764687854654,0.0,0.0009360472183486583,0.0039009138318574256,0.0,0.002469651108882651,0.341674475935947,0.3403133955568967,0.0021235931483605955,0.28427948913242634,0.29278739152705624,0.010088152070259438,0.002112319944232672,0.008965164488962046,0.26230753746413765,0.01068055624788807,0.002327432277609058,0.004128547948175576,0.00028883592767368877,0.0,0.0021929011304927977,0.0,0.002313150492400134,0.002066407705469125,0.0022083986274502175,0.002144472404579018,0.00013347748114641555,0.0,0.0004598416553723176,0.005884832626460391,0.0066302170259950185,0.005923787597185725,0.0015062033736298326,0.004293669136981381,0.22314342925771816,0.0018543393032678186,0.0011357560048953913,0.001200514232939428
0.0036026442469136504,0.007541355123999782,0.006659038951095715,0.0007750533401062664,0.0075249453610391715,0.0010213965490138645,0.0075541124603649,0.0,0.008214101798281236,0.01134099301376121,0.3389477136908818,0.3405756259415443,0.0008306515094422,0.009415242119329642,0.29197419286015736,0.0036007852451034137,0.26700564251307074,0.0,0.014403897088903656,0.008161774220972803,0.35843559906962513,0.36837925514028014,0.0,0.009354212965588367,0.024273049091662446,0.3440528979064341,0.004040850775563882,0.33917818410416195,0.023454421754102207,0.01029911632604053,0.2749652812863042,0.34321196233376583,0.02753928871842083,0.02740165690969918,0.013859663379838108,0.3386792444378929,0.01964733805750906,0.3331612881177236,0.010236041415068831,0.011311403387716728,0.35917429772050546,0.003014087910953892,0.3208622398048081,0.02584495760349166,0.3280259049020597,0.30971967356520597,0.0030010065700594273,0.002250755899441034,0.0027554536055318093,0.25548021184630987,0.0028709755196366037,0.029011778758906998,0.0617089477138973,0.00432830195929795,0.05899276500675369,0.04014258743937936,0.005936447985461177,0.003915548497220913,0.002981917337560683,0.24933931667539197,0.0036221386368918388,0.004941935107432436,0.004463061881260065,0.0031984083602673774,0.31328904641618677,0.3167276777774612,0.03172107559785878,0.001455503630090319,0.0028186874074346393,0.00757308712927717,0.2920650670215029,0.02816032552661187,0.031724809949696516,0.2952825117138183,0.007734938451904781,0.0,0.0030974126374305627,0.21980330770981588,0.0,0.008172160981571575,0.08112102626972995,0.08073391696230124,0.00702704321486806,0.04137942870070683,0.04382813426695425,0.30426757323560655,0.006989739792299522,0.2895756967737581,0.030667288828591672,0.3121939358074086,0.007701553947404479,0.22754948840446634,0.0009557680798397778,0.0,0.007256385726146303,0.0,0.007654295025926954,0.006837814605437875,0.007307667479869295,0.007096133396221495,0.00044168160410184665,0.0,0.0015216319504479053,0.2662554165781697,0.2814796091645012,0.2668180591498929,0.0049840790855102445,0.23311027857376704,0.008615994403998925,0.006136072923926504,0.0037582559230364392,0.0039725431405926975
0.00012850944696355502,0.0002690066822921064,0.00023753369865681136,2.764682529773518e-05,0.0002684213318055357,3.6434101356719774e-05,0.00026946174755213394,0.0,0.0002930041400295845,0.00040454306346360887,0.0017435466032149655,0.001759421900130262,2.963006025069172e-05,0.0003358498577314628,0.001278323755266671,0.00012844313475558658,0.0009385271811610949,0.0,0.0005137995100683989,0.00029113756993274245,0.0021282934846659426,0.0022171829891439367,0.0,0.00033367289485130484,0.0008658407272827595,0.002048174181937406,0.0001441406541528033,0.0019686885414771887,0.0008366395796786798,0.0003673784177848389,0.0011756482540898497,0.0019827087054972176,0.0009823503294852966,0.0009774408834197946,0.0004943862213344771,0.0019962024361287836,0.000700837600115395,0.0018851587013362934,0.0003651284809687925,0.0004034875758222487,0.002201956303580606,0.00010751513166143206,0.0017238759723502185,0.0009219120681334503,0.001812640433448008,0.0015822512929879991,0.0001070485088786442,8.028641632737345e-05,9.828942152253367e-05,0.0007798728655240687,0.00010241018845823555,0.0010348753271795122,0.002201211721143319,0.0001543942873507885,0.0021043231266488654,0.001431920933059156,0.00021175825178772125,0.00013967101313650722,0.0001063675793881806,0.0008002303672200965,0.0001292048287729399,0.00017628311430694022,0.0001592012907231141,0.00011409000205715379,0.0013087092238964677,0.0013364564956841413,0.0011315182967794328,5.191907769316775e-05,0.00010054502611599226,0.00027013859046004,0.001096283452247314,0.0010045032514211809,0.0011316515043504672,0.0011361794743890768,0.0002759119676062884,0.0,0.00011048739697102501,0.00046044879642989785,0.0,0.00029150807469780084,0.002893657410656035,0.0028798488856942024,0.00025066073013046524,0.0014760401342850517,0.0015633875870246941,0.0011907664919481133,0.00024933008467241396,0.0010582133768315205,0.0010939288081553348,0.0012606915921545097,0.0002747211133568958,0.0004873178479913799,3.4093076903402815e-05,0.0,0.00025884157655038285,0.18266216234914054,0.00027303534661254604,0.00024391078140366894,0.00026067084121227926,0.00025312523686158323,1.5755166146568628e-05,0.0,5.427793227201287e-05,0.0006946229055141343,0.0007826052000320118,0.0006992209997450193,0.00017778642658104635,0.000506808115125659,0.00030733999807156805,0.00021887904659400562,0.00013406025050368905,0.0001417040615302996
0.0,0.0,0.0,0.0,0.0,0.0,0.0,0.0,0.0,0.0,0.0,0.0,0.0,0.0,0.0,0.0,0.0,0.0,0.0,0.0,0.0,0.0,0.0,0.0,0.0,0.0,0.0,0.0,0.0,0.0,0.0,0.0,0.0,0.0,0.0,0.0,0.0,0.0,0.0,0.0,0.0,0.0,0.0,0.0,0.0,0.0,0.0,0.0,0.0,0.0,0.0,0.0,0.0,0.0,0.0,0.0,0.0,0.0,0.0,0.0,0.0,0.0,0.0,0.0,0.0,0.0,0.0,0.0,0.0,0.0,0.0,0.0,0.0,0.0,0.0,0.0,0.0,0.0,0.0,0.0,0.0,0.0,0.0,0.0,0.0,0.0,0.0,0.0,0.0,0.0,0.0,0.0,0.0,0.0,0.0,0.0,0.0,0.0,0.0,0.0,0.0,0.0,0.0,0.0,0.0,0.0,0.0,0.0,0.0,0.0,0.0,0.0
1.2653494589665061e-05,2.6487349213573747e-05,2.338840794847933e-05,2.722204184922825e-06,2.642971353471988e-05,3.5874304597023604e-06,2.653215654830095e-05,0.0,2.8850223763434753e-05,3.9832740594354974e-05,0.00017167576417059978,0.0001732389020439111,2.9174805116070975e-06,3.3068964641564783e-05,0.00012586827741694674,1.2646965255171894e-05,9.24107051246079e-05,0.0,5.0590516685258294e-05,2.8666434671039687e-05,0.00020955930267972677,0.00021831167762621052,0.0,3.285461317809773e-05,8.525373983821695e-05,0.00020167047281112734,1.4192598525387235e-05,0.00019384403557025557,8.237849158253798e-05,3.6173378157315616e-05,0.00011575848448475474,0.00019522451049848368,9.67256872782517e-05,9.624228585760982e-05,4.867901562625871e-05,0.00019655315093368328,6.900694844487935e-05,0.00018561939212751965,3.5951841422066844e-05,3.972881354871767e-05,0.000216812404320266,1.058632006385395e-05,0.00016973892429537275,9.077472234069946e-05,0.0001784789870284569,0.00015579405754498433,1.0540374734565475e-05,7.90528446449641e-06,9.67792401915324e-06,7.678904016553714e-05,1.0083669303707786e-05,0.0001018974842927888,0.00021673909010046057,1.5202207509479366e-05,0.00020719909646416782,0.00014099199870053623,2.0850466301304354e-05,1.375250186515114e-05,1.047332800899698e-05,7.879351177175954e-05,1.2721964341661574e-05,1.735745881596369e-05,1.5675522060288013e-05,1.1233705053407346e-05,0.00012886013810887404,0.0001315922326104001,0.0001114132928333746,5.112135988548843e-06,9.900018823808702e-06,2.6598800894499654e-05,0.00010794394544149538,9.890694231034655e-05,0.0001114264089218741,0.00011187224886391316,2.716726802442877e-05,0.0,1.0878979816912023e-05,4.533741675890819e-05,0.0,2.8702915880405117e-05,0.0002849197413514997,0.0002835601051533503,2.4680941887850738e-05,0.00014533613126979818,0.00015393667034904214,0.00011724707964615993,2.4549921830554945e-05,0.00010419543119072204,0.0001077120988575871,0.00012413215228517264,2.7050012303874303e-05,4.7983038591356555e-05,3.356924913579199e-06,0.0,2.5486456955880435e-05,0.0,2.6884025748931635e-05,2.4016318066698845e-05,2.566657282322937e-05,2.492360593571049e-05,1.5513093730098905e-06,0.0,5.344397151883301e-06,6.839502763772052e-05,7.705807548340931e-05,6.884777225570783e-05,1.7505480258561397e-05,4.9902119215870246e-05,3.026178304143779e-05,2.1551604938847378e-05,1.320004633526007e-05,1.3952682999372931e-05
0.0018259263442326425,0.0038221811670474046,0.0033749973116255897,0.0003928198886409375,0.0038138642152645407,0.0005176738914341718,0.0038286469613237227,0.0,0.0041631490204838755,0.0057479496987039806,0.2689571107025182,0.27017842455365865,0.00042099868041827116,0.004771922356125114,0.2337830668677654,0.0018249841472943252,0.21595522628454628,0.0,0.007300319807257236,0.004136627861193946,0.2817491279495543,0.289285071793415,0.0,0.00474099098129456,0.012302297077844386,0.27039397627382233,0.0020480223354098627,0.26703682409753565,0.01188739260232178,0.005219895869025741,0.22042896077498275,0.2703008494079807,0.013957723640204504,0.013887967780861878,0.007024486114365261,0.2663584280785444,0.00995785031619033,0.26275614670026964,0.0051879276441026065,0.0057329528036436685,0.28167920947331904,0.0015276286369820282,0.25391724445409203,0.013098986666313015,0.259114129205753,0.24586727617504756,0.0015209986276555304,0.0011407494633274358,0.0013965451440179192,0.2077428823274264,0.0014550950567607129,0.014704025015603214,0.03127591446260846,0.0021937110720955727,0.029899272967969775,0.020345447095981888,0.0030087669014520267,0.001984515445653871,0.0015113236416947312,0.2023822185604846,0.0018358066759518823,0.002504718447257039,0.0022620113745381912,0.0016210476761976303,0.251440845219482,0.25407495721755297,0.016077176549182007,0.0007376921616906614,0.0014285938995505468,0.0038382638830804787,0.23556909973722875,0.014272483408612282,0.01607906922881724,0.23790292538814667,0.0039202949062901215,0.0,0.0015698600655584328,0.18070928967815544,0.0,0.004141892177764974,0.04111452832568244,0.040918329913047814,0.0035615127247384743,0.02097231472095664,0.022213390912842825,0.2449540449866387,0.0035426062501243676,0.2338310294371881,0.01554308633895459,0.2509698983602006,0.003903374654919623,0.18697780132109929,0.0004844114479111173,0.0,0.003677750272632408,0.0,0.003879422439876533,0.003465606085236928,0.0037037413776885002,0.0035965296660779174,0.00022385726189406462,0.0,0.0007712079445338371,0.21761417220015625,0.22960386147934822,0.21804463166525598,0.0025260782581484295,0.19147591605151676,0.0043668400446422815,0.0031099427070903243,0.001904794930590071,0.002013402011653787
0.0005699571390096473,0.0011930817744252524,0.0010534947469131235,0.00012261748705420453,0.0011904856642051351,0.00016159026952744312,0.001195100051678765,0.0,0.0012995138125262097,0.0017942043367699372,0.007732869895395427,0.007803279028922687,0.00013141340787154026,0.0014895404857178157,0.005669542337120839,0.0005696630352123924,0.004162497619409016,0.0,0.002278771761162375,0.0012912353164522296,0.009439275431922817,0.009833512656168527,0.0,0.001479885354797698,0.0038401231615296503,0.00908393526323036,0.0006392837009034013,0.008731405474179886,0.003710612040460553,0.0016293740023168902,0.0052141623142520225,0.008793586837201143,0.004356859332352504,0.004335085261264882,0.0021926711454722902,0.008853433395466351,0.003108311512580393,0.008360939101212456,0.0016193952219164887,0.0017895231033622473,0.009765980203533055,0.000476844452216606,0.007645627931827058,0.0040888072992861365,0.008039310571418353,0.0070175029264697404,0.00047477491575404607,0.0003560813405746318,0.2618335451853333,0.003458843826099501,0.0004542033243334102,0.004589814948609834,0.009762677877628316,0.0006847599797300884,0.009332963584823164,0.006350767025912688,0.0009391770815482727,0.2970595931402973,0.00047175489945624024,0.003549132156632453,0.0005730412533371237,0.0007818399492030216,0.31898169291050527,0.0005060049101335055,0.0058043060854437,0.005927369066548199,0.005018439861097304,0.0002302682774007238,0.0004459310718454276,0.0011981019434187435,0.004862168461153676,0.004455110599520914,0.0050190306550651825,0.005039112827307813,0.0012237076681218665,0.0,0.0004900268592089391,0.0020421539806956476,0.0,0.0012928785562363217,0.01283377010811745,0.01277252739353771,0.0011117149437873286,0.006546441774347596,0.0069338397862415075,0.005281213786343464,0.0011058133474749412,0.0046933224208153285,0.004851725289528863,0.005591341259461477,0.001218426065119142,0.0021613219338518703,0.0001512075028803922,0.0,0.001147998127088988,0.0,0.001210949456874771,0.0010817779893011917,0.0011561111684086792,0.001122645371384114,0.1900566057962896,0.0,0.00024073012311607927,0.003080748484036994,0.00347096210686221,0.0031011416667535547,0.0007885073466826062,0.0022477639593750055,0.0013630953221188435,0.0009707587895951183,0.00059457571904164,0.0006284770762320797
0.0004641164747598491,0.0009715272769609097,0.0008578614682586895,9.984750069872451e-05,0.000969413262693903,0.00013158306320872545,0.0009731707614615442,0.0,0.0010581949558863002,0.0014610217765276573,0.006296881063484216,0.006354215267421636,0.0001070100248301041,0.0012129338013813773,0.004616712069925841,0.0004638769858434848,0.0033895245608699617,0.0,0.0018556053502736675,0.0010514537710652012,0.007686408218982083,0.008007435851084316,0.0,0.001205071621895783,0.0031270148268861655,0.007397054484908896,0.0005205691399010518,0.007109989244834471,0.003021553835455779,0.0013268003263099072,0.0042458958165191825,0.007160623569814299,0.003547793432098352,0.003530062791629635,0.0017854935620466258,0.00720935666173911,0.0025311001177754327,0.006808318232629112,0.0013186745988387428,0.001457209845071759,0.007952444130297165,0.0003882947524021038,0.0062258398749260105,0.003329518484520465,0.006546415908377839,0.0057143572681786,0.00038660952749368485,0.00028995727082639796,0.0003549757694946756,0.002816538812205309,0.00036985806701205035,0.003737489344286987,0.007949755044131703,0.0005576005037873119,0.007599838411668447,0.00517143378396704,0.000764772517843749,0.0005044268711345096,0.0003841503262276204,0.0028900606593949374,0.0004666278710938115,0.0006366527870517364,0.0005749611687970613,0.0004120401325447064,0.004726450279198399,0.004826660545996532,0.004086518893638005,0.00018750761038267824,0.00036312196634715306,0.0009756152038881982,0.0039592669894445666,0.0036277995038498587,0.0040869999775562755,0.004103352903677991,0.0009964659624268736,0.0,0.00039902919512311614,0.0016629273353504109,0.0,0.001052791862306769,0.010450547475916398,0.010400677492982482,0.0009052702130285715,0.005330771860863365,0.00564623031783013,0.004300495874531636,0.0009004645392533108,0.0038217755472719876,0.003950763107892626,0.004553032880734967,0.000992165149613186,0.0017599658783175464,0.00012312836947007603,0.0,0.0009348156331566394,0.0,0.0009860769425813955,0.0008808925312167526,0.0009414220880620359,0.0009141708674403271,5.690034735948149e-05,0.0,0.00019602669825888078,0.0025086555254267926,0.0028264067362346688,0.0025252617075828573,0.0006420820532232669,0.0018303556767971453,0.0011099694211440167,0.0007904895235664346,0.0004841634007408012,0.0005117692982932749
2.2496798322195103e-05,4.709217276893737e-05,4.158252828621092e-05,4.8398391532141425e-06,4.698970161093829e-05,6.378135223825146e-06,4.7171836261545695e-05,0.0,5.12931554960559e-05,7.081910261402638e-05,0.00030522438018894667,0.0003080035015799966,5.187023253810611e-06,5.879370501116054e-05,0.00022378270541356492,2.2485189740847856e-05,0.00016429809024442584,0.0,8.994548050097425e-05,5.096639468574127e-05,0.0003725779732640989,0.0003881389246373347,0.0,5.8412606998314014e-05,0.0001515736366552653,0.0003585523289415461,2.5233189490143188e-05,0.00034463761321289546,0.00014646169863088065,6.431307867332543e-05,0.00020580838448087648,0.0003470919759843119,0.0001719697482663672,0.0001711103031390326,8.65470000644236e-05,0.0003494541815949114,0.00012268827326662317,0.0003300149219482768,6.391920588043548e-05,7.063432948519966e-05,0.0003854733488191547,1.882154417999667e-05,0.00030178084957006493,0.00016138945702161387,0.0003173199109128598,0.0002769881053451134,1.8739857433341408e-05,1.4054899144036803e-05,1.7206496062696096e-05,0.00013652414656817387,1.7927875423324316e-05,0.0001811647476062651,0.0003853430025969766,2.7028185294539233e-05,0.00036838173460022915,0.0002506713491148784,3.707029168742747e-05,2.445073641068404e-05,1.8620654263609156e-05,0.00014008792044488478,2.2618531507515642e-05,3.086003219122399e-05,2.786969685619111e-05,1.997253764220549e-05,0.00022910197007341353,0.00023395939333798837,0.00019808301663409798,9.088927293172612e-06,1.760136105381263e-05,4.7290324036217146e-05,0.00019191482269908107,0.00017584782749567287,0.00019810633588362682,0.000198899000012019,4.8301008498457143e-05,0.0,1.934186743100975e-05,8.060593174849286e-05,0.0,5.103125506117572e-05,0.0005065621922683689,0.0005041448789226703,4.3880539729024555e-05,0.0002583948340069798,0.0002736858345884272,0.0002084549754990511,4.36475976129744e-05,0.00018525029468984648,0.00019150261990380472,0.00022069602792104706,4.809253816018457e-05,8.53096142276397e-05,5.9683166755550375e-06,0.0,4.531267453593826e-05,0.0,4.779742869265526e-05,4.2698897143363454e-05,4.563290467581485e-05,4.4311975021944134e-05,2.758091359871378e-06,0.0,9.501867174134938e-06,0.00012160033199551767,0.0001370024676552719,0.00012240527202928817,3.11232012721355e-05,8.87215704637438e-05,5.380278350214004e-05,3.8316854398853225e-05,2.3468519162328636e-05,2.4806640826858062e-05
0.2217471949752948,0.0010333957980353792,0.000912491555942861,0.00010620596056671312,0.001031147159718867,0.00013996249805551451,0.001035143942444052,0.0,0.2779479917186837,0.0015540621457637324,0.006697877235200842,0.006758862579449716,0.00011382460650308704,0.001290175503423388,0.00491071220226022,0.0004934174668523096,0.003605375290643198,0.0,0.001973773477347186,0.2753897344073158,0.008175891860008265,0.008517363081593982,0.0,0.0012818126468814401,0.003326148487160299,0.007868111584530605,0.0005537198743852497,0.007562765538269407,0.0032139715591570786,0.001411293243695304,0.004516281734685112,0.007616624343792799,0.003773722994681775,0.0037548632366581356,0.0018991968503550795,0.007668460842483709,0.0026922849086626604,0.007241883599290514,0.0014026500559806475,0.0015500074639834662,0.008458869393834704,0.00041302202732457834,0.00662231202207256,0.0035415479245705364,0.006963302886432304,0.006078257326836018,0.22644844449394258,0.0003084222464850696,0.0003775812345152848,0.002995900828066649,0.0003934112622296648,0.003975499067478659,0.00845600906205623,0.0005931094589528477,0.008083809139084054,0.005500759545204995,0.0008134745417183654,0.0005365496382944171,0.22590853357117344,0.003074104672416989,0.000496343533187223,0.0006771959270200186,0.0006115756808465815,0.0004382795539468657,0.005027438728664019,0.005134030556896715,0.0043467554163665765,0.0001994484161836985,0.0003862461951365169,0.26569001831895966,0.004211399892951052,0.0038588239901205788,0.004347267136532783,0.004364661444999991,0.0010599226217079694,0.0,0.0004244400577445231,0.0017688253964056524,0.0,0.27369508259936015,0.01111605623937183,0.011063010450505032,0.0009629193707836155,0.00567024454375983,0.006005791935598316,0.004574358817913344,0.0009578076634709626,0.0040651527602391145,0.004202354469656036,0.0048429778132289625,0.26728109118437104,0.0018720435200011132,0.00013096939493799096,0.0,0.26164553498260684,0.0,0.2684048045119417,0.25596482956756905,0.001001373459141842,0.0009723868341137711,6.052385894092356e-05,0.0,0.0002085100141677519,0.0026684110062291065,0.0030063971584004417,0.0026860746985087184,0.24399004367660299,0.0019469158614148496,0.0011806541750902812,0.25545834017283414,0.0005149957553978126,0.0005443596437911071
0.0003593060949681457,0.0007521294567715684,0.0006641325420373448,7.729916415260066e-05,0.0007504928455924929,0.00010186795594777696,0.0007534017968632863,0.17687089032555556,0.0008192251686631754,0.0011310825142744746,0.004874870573319086,0.00491925712291425,8.284419156644705e-05,0.0009390196886562099,0.0035741303652185347,0.0003591206892952023,0.002624075851638276,0.0,0.0014365581668994204,0.0008140063304506753,0.005950603936054108,0.006199134619924367,0.0,0.0009329330074834088,0.002420848100549178,0.005726594305049116,0.00040301018169104327,0.005504356362589511,0.002339203127653249,0.0010271719923227256,0.0032870547124285643,0.005543556051825415,0.002746603219591577,0.0027328766497873155,0.0013822795661405764,0.005581283859191632,0.001959507470106252,0.005270811036673896,0.0010208812796132704,0.0011281314227270045,0.006156561555777418,0.0003006070216628573,0.004819872456615831,0.002577620812569356,0.005068053525343361,0.004423896816730104,0.0002993023673057794,0.0002244768724104492,0.00027481238973781525,0.00218048618606645,0.00028633385147409365,0.002893460530518077,0.006154479739893493,0.0004316788359468555,0.005883583993648262,0.0040035805220338325,0.0005920656599565423,0.0003905132851793785,0.00029739852193138823,0.0022374047598408883,0.0003612503483156277,0.0004928789198541403,0.00044511898101804874,0.00031899003600637405,0.003659086641469929,0.003736666649069496,0.003163669521635441,0.00014516318839633897,0.00028111894927423334,0.0007552942163537815,0.003065154628802422,0.002808541700076782,0.0031640419634543075,0.003176701945044352,0.0007714362949807726,0.0,0.00030891732932375633,0.001287392194792716,0.0,0.0008150422435562539,0.008090523840580488,0.008051915883745119,0.000700835076588444,0.004126935639343505,0.004371154822375209,0.0033293245621244614,0.0006971146573148704,0.002958712569825459,0.0030585711596978617,0.0035248317041211264,0.0007681067250531486,0.0013625167418214786,9.532256668324448e-05,0.0,0.0007237083209306154,0.0,0.0007633934041242111,0.0006819625518397524,0.0007288228549812962,0.0007077257162301496,4.405066987256841e-05,0.0,0.0001517584298151502,0.001942131489574395,0.0021881256590032087,0.001954987534958073,0.000497082107055467,0.0014170105704027337,0.0008593075228619572,0.0006119750521091759,0.0003748258687362682,0.00039619758852450115
0.001322336479230238,0.23856121551996398,0.23094760861818414,0.0002844802968957487,0.0027620017612454955,0.00037489960816363684,0.002772707430967057,0.0,0.003014953935927249,0.24344399257868257,0.017940745456036137,0.018104099082759496,0.0003048873874804794,0.0034558277925555653,0.013153695497071832,0.0013216541398872017,0.009657256783233998,0.0,0.2497128769370464,0.0029957473033534235,0.02189971383255546,0.022814369036271997,0.0,0.003433427280387932,0.30748574604495854,0.02107530224888035,0.0014831784715439306,0.020257410923075092,0.3060101959205136,0.0037802503628900563,0.012097185147541952,0.020401675603738855,0.010108188205265902,0.010057670988215953,0.25395984425885987,0.020540523390237285,0.2854433428910382,0.019397905592280988,0.0037570989635328927,0.004151806369357799,0.022657689490496083,0.0011063091782308652,0.017738338602870676,0.3155860436370425,0.018651707135240968,0.01628104900817605,0.0011015077232226953,0.0008261311491478166,0.001011378468063469,0.008024735640927275,0.00105378033477627,0.2834976609365331,0.3633285210280242,0.0015886863041796686,0.35414100907256396,0.310979447502723,0.002178950012883779,0.0014371867603930118,0.0010945010951008028,0.008234210257422072,0.0013294918188202019,0.0018139179510008245,0.0016381494064277977,0.0011739632781892866,0.013466355885526242,0.013751869756692169,0.2918719170373911,0.0005342369142801998,0.0010345881877154059,0.002779672008972643,0.011280537226918443,0.28010769377238376,0.29348699085185276,0.011691059306818073,0.22370828162633533,0.0,0.0011368931931627785,0.00473792592469552,0.0,0.002999559723203804,0.3636839010238085,0.36223201825466317,0.0025792487260177907,0.30131515130266834,0.31039206031211836,0.012252748788145983,0.002565556650674861,0.010888803773239919,0.2776592052890699,0.012972264068940639,0.0028268252520734314,0.005014403085570256,0.0003508109352564307,0.0,0.002663427997718378,0.0,0.002809479049796496,0.00250979310508661,0.0026822507648358667,0.0026046080068400793,0.00016211750516558802,0.0,0.0005585090556091618,0.0071475306210813435,0.008052850815948904,0.007194844090091617,0.001829386733309792,0.005214954032061439,0.23534887994085604,0.0022522215657224845,0.0013794531362822378,0.001458106421310349
0.20551854876584486,0.0008157671887075466,0.0007203248481618054,8.38394524539434e-05,0.0008139921037291008,0.0001104870116370684,0.000817147181593553,0.0,0.25753647676938624,0.001226783493930071,0.005287333752329623,0.005335475851344196,8.985364506928936e-05,0.001018470217672598,0.0038765378138807902,0.0003895059187956242,0.002846099113887593,0.0,0.0015581054653232749,0.25516564955799614,0.0064540849986962235,0.006723643883091818,0.0,0.001011868541931552,0.002625676246945337,0.006211121895359275,0.0004371089045625151,0.005970080383273559,0.00253712328653171,0.001114081094620298,0.0035651726677421447,0.006012596761269772,0.00297899353198955,0.002964105556044712,0.0014992343479253703,0.006053516721356622,0.0021253015498175084,0.005716774769136673,0.0011072581242183856,0.0012235827102968497,0.0066774687086705205,0.0003260414051860966,0.0052276822406871915,0.0027957135103437304,0.005496861928975587,0.004798203071060203,0.20988853083006884,0.00024346987807412918,0.0002980642874442125,0.002364977292151588,0.00031056058095563644,0.0031382764514352197,0.006675210750182461,0.00046820321588849164,0.006381394493741885,0.004342323781922764,0.0006421603815734031,0.00042355464466336303,0.2093883281832671,0.0024267117508876166,0.00039181576843169,0.000534581443663281,0.0004827805326812826,0.000345979807805442,0.003968682247284772,0.004052826305371609,0.003431347846343054,0.00015744545707624226,0.00030490444547435195,0.24618394604642524,0.003324497600752121,0.0030461726321342475,0.003431751800493232,0.0034454829441119524,0.0008367075800018305,0.0,0.00033505484862564176,0.0013963185486950758,0.0,0.2535943058491099,0.008775063693066111,0.00873318911399495,0.0007601327870207741,0.004476115985318627,0.004740998572453804,0.0036110189727140626,0.0007560975827826047,0.0032090494708721974,0.0033173571038137037,0.0038230679892270617,0.2476566391540794,0.001477799389500909,0.00010338781647691145,0.0,0.2424401962177248,0.0,0.24869934949722947,0.23718139256168164,0.000790488613523978,0.0007676064442194153,4.777780048248171e-05,0.0,0.0001645987223853355,0.002106455386219084,0.0023732631414887183,0.002120399182604292,0.22611429674824698,0.0015369039451640476,0.0009320135993201048,0.2367250583384763,0.000406539914692792,0.00042971989735738177
1.2653494589665061e-05,2.6487349213573747e-05,2.338840794847933e-05,2.722204184922825e-06,2.642971353471988e-05,3.5874304597023604e-06,2.653215654830095e-05,0.0,2.8850223763434753e-05,3.9832740594354974e-05,0.00017167576417059978,0.0001732389020439111,2.9174805116070975e-06,3.3068964641564783e-05,0.00012586827741694674,1.2646965255171894e-05,9.24107051246079e-05,0.0,5.0590516685258294e-05,2.8666434671039687e-05,0.00020955930267972677,0.00021831167762621052,0.0,3.285461317809773e-05,8.525373983821695e-05,0.00020167047281112734,1.4192598525387235e-05,0.00019384403557025557,8.237849158253798e-05,3.6173378157315616e-05,0.00011575848448475474,0.00019522451049848368,9.67256872782517e-05,9.624228585760982e-05,4.867901562625871e-05,0.00019655315093368328,6.900694844487935e-05,0.00018561939212751965,3.5951841422066844e-05,3.972881354871767e-05,0.000216812404320266,1.058632006385395e-05,0.00016973892429537275,9.077472234069946e-05,0.0001784789870284569,0.00015579405754498433,1.0540374734565475e-05,7.90528446449641e-06,9.67792401915324e-06,7.678904016553714e-05,1.0083669303707786e-05,0.0001018974842927888,0.00021673909010046057,1.5202207509479366e-05,0.00020719909646416782,0.00014099199870053623,2.0850466301304354e-05,1.375250186515114e-05,1.047332800899698e-05,7.879351177175954e-05,1.2721964341661574e-05,1.735745881596369e-05,1.5675522060288013e-05,1.1233705053407346e-05,0.00012886013810887404,0.0001315922326104001,0.0001114132928333746,5.112135988548843e-06,9.900018823808702e-06,2.6598800894499654e-05,0.00010794394544149538,9.890694231034655e-05,0.0001114264089218741,0.00011187224886391316,2.716726802442877e-05,0.0,1.0878979816912023e-05,4.533741675890819e-05,0.0,2.8702915880405117e-05,0.0002849197413514997,0.0002835601051533503,2.4680941887850738e-05,0.00014533613126979818,0.00015393667034904214,0.00011724707964615993,2.4549921830554945e-05,0.00010419543119072204,0.0001077120988575871,0.00012413215228517264,2.7050012303874303e-05,4.7983038591356555e-05,3.356924913579199e-06,0.0,2.5486456955880435e-05,0.0,2.6884025748931635e-05,2.4016318066698845e-05,2.566657282322937e-05,2.492360593571049e-05,1.5513093730098905e-06,0.0,5.344397151883301e-06,6.839502763772052e-05,7.705807548340931e-05,6.884777225570783e-05,1.7505480258561397e-05,4.9902119215870246e-05,3.026178304143779e-05,2.1551604938847378e-05,1.320004633526007e-05,1.3952682999372931e-05
0.0006388772284994997,0.0013373510484358862,0.0011808849439382946,0.00013744458123795416,0.0013344410125949644,0.00018113001221032622,0.0013396133788635893,0.0,0.0014566530114635693,0.00201116227095448,0.008667940357237683,0.008746863470942525,0.00014730411826146612,0.0016696580007871233,0.006355112072978222,0.0006385475612209954,0.004665833201676561,0.0,0.002554324329868074,0.0014473734669752268,0.010580687062660327,0.011022596055387529,0.0,0.001658835356660299,0.004304476731000772,0.01018237861697044,0.0007165868643521895,0.009787220386329763,0.0041593049269730885,0.0018264004002092726,0.0058446668008477805,0.009856920814927552,0.004883697430392979,0.004859290405307227,0.002457812295963625,0.009924004110605093,0.0034841732975237575,0.009371956652595414,0.001815214970411707,0.00200591497563915,0.010946897475230274,0.0005345052131233164,0.008570148961922824,0.004583232135271552,0.009011436308770491,0.007866070119658996,0.0005321854251445638,0.0003991392412103053,0.0004886401326662299,0.0038770925148349632,0.0005091262854073606,0.00514482239627459,0.010943195827023376,0.0007675622044097731,0.01046151982431376,0.0071187114936592305,0.001052743811530103,0.0006943663044451128,0.0005288002238543088,0.003978298648469799,0.0006423342786512661,0.0008763812323588796,0.0007914599416148055,0.0005671917982375872,0.006506171659985617,0.006644115605096193,0.005625277289131369,0.00025811266989786457,0.0004998537394889895,0.0013429782639467474,0.00545010931235473,0.004993829391147407,0.005625939522809971,0.005648450062053174,0.0013716802720670027,0.0,0.0005492816569430185,0.0022890943652764256,0.0,0.001449215409828763,0.014385649229906424,0.014317000952556173,0.0012461452161165118,0.007338047532128108,0.0077722903044794645,0.00591982623955755,0.0012395299897464507,0.005260846150423087,0.005438403336435209,0.0062674548013323264,0.0013657600095464233,0.0024226722896984174,0.0001694917455309213,0.0,0.0012868158174694161,0.0,0.0013573793183912254,0.00121258823927953,0.0012959099001613752,0.001258397367745812,7.832589058704369e-05,0.0,0.00026983957800753297,0.003453277305387475,0.003890676156652855,0.003476136462967077,0.0008838548617452281,0.00251956701723541,0.001527922894498877,0.0010881444280454223,0.0006664727249043029,0.0007044734860875628
0.0006388772284994997,0.0013373510484358862,0.0011808849439382946,0.00013744458123795416,0.0013344410125949644,0.00018113001221032622,0.0013396133788635893,0.0,0.0014566530114635693,0.00201116227095448,0.008667940357237683,0.008746863470942525,0.00014730411826146612,0.0016696580007871233,0.006355112072978222,0.0006385475612209954,0.004665833201676561,0.0,0.002554324329868074,0.0014473734669752268,0.010580687062660327,0.011022596055387529,0.0,0.001658835356660299,0.004304476731000772,0.01018237861697044,0.0007165868643521895,0.009787220386329763,0.0041593049269730885,0.0018264004002092726,0.0058446668008477805,0.009856920814927552,0.004883697430392979,0.004859290405307227,0.002457812295963625,0.009924004110605093,0.0034841732975237575,0.009371956652595414,0.001815214970411707,0.00200591497563915,0.010946897475230274,0.0005345052131233164,0.008570148961922824,0.004583232135271552,0.009011436308770491,0.007866070119658996,0.0005321854251445638,0.0003991392412103053,0.0004886401326662299,0.0038770925148349632,0.0005091262854073606,0.00514482239627459,0.010943195827023376,0.0007675622044097731,0.01046151982431376,0.0071187114936592305,0.001052743811530103,0.0006943663044451128,0.0005288002238543088,0.003978298648469799,0.0006423342786512661,0.0008763812323588796,0.0007914599416148055,0.0005671917982375872,0.006506171659985617,0.006644115605096193,0.005625277289131369,0.00025811266989786457,0.0004998537394889895,0.0013429782639467474,0.00545010931235473,0.004993829391147407,0.005625939522809971,0.005648450062053174,0.0013716802720670027,0.0,0.0005492816569430185,0.0022890943652764256,0.0,0.001449215409828763,0.014385649229906424,0.014317000952556173,0.0012461452161165118,0.007338047532128108,0.0077722903044794645,0.00591982623955755,0.0012395299897464507,0.005260846150423087,0.005438403336435209,0.0062674548013323264,0.0013657600095464233,0.0024226722896984174,0.0001694917455309213,0.0,0.0012868158174694161,0.0,0.0013573793183912254,0.00121258823927953,0.0012959099001613752,0.001258397367745812,7.832589058704369e-05,0.0,0.00026983957800753297,0.003453277305387475,0.003890676156652855,0.003476136462967077,0.0008838548617452281,0.00251956701723541,0.001527922894498877,0.0010881444280454223,0.0006664727249043029,0.0007044734860875628
0.0014828906886305648,0.24851996244979066,0.24056954140965348,0.00031902105855170435,0.003097355898489916,0.0004204188168814091,0.0031093614191686613,0.0,0.0033810207828790842,0.25371442278436446,0.020119058047414692,0.020302245591452713,0.0003419059181055703,0.0038754242475973434,0.01475077854998314,0.0014821255016496664,0.010829812522383443,0.0,0.2603297596657514,0.0033594821374200606,0.024558712730117553,0.025584422680801435,0.0,0.0038503039310699835,0.32075231982837366,0.023634203514624502,0.0016632616429897806,0.022717006227550993,0.3191923324724235,0.0042392372530516455,0.01356598981854642,0.022878787101794956,0.011335494712540747,0.011278843843449921,0.2647339426441087,0.02303449337850247,0.2976735126303791,0.021753142285292616,0.0042132748788188115,0.004655906497944982,0.02540871956500659,0.0012406339875763507,0.019892075548944402,0.32922969597607493,0.02091634260442828,0.018257846134152163,0.0012352495540109702,0.0009264375655522281,0.001134177069550263,0.008999075460415364,0.0011817272463143266,0.2959254898200676,0.3799816254506503,0.0017815799266116665,0.3703388108113031,0.32485812402285263,0.0024435117202375963,0.0016116857534252845,0.0012273922016926716,0.009233983869268625,0.0014909148085263757,0.0020341585381088286,0.00183704869337913,0.0013165024495387896,0.015101401243998622,0.015421581370371057,0.3047216561061842,0.0005991023904672128,0.0011602048451566798,0.0031171716157691043,0.012650186907257858,0.29237198733448444,0.30640275116820226,0.013110553371710834,0.23306661148912025,0.0,0.0012749314237250333,0.00531319096728107,0.0,0.0033637574500852384,0.3809258457770586,0.3794032587857091,0.002892413526775348,0.3148360242228231,0.32435580849883633,0.013740441539242714,0.0028770589998807425,0.01221089032880824,0.2898977491599686,0.01454731825101498,0.0031700500670794655,0.005623237172554644,0.00039340536809842055,0.0,0.002986813598270893,0.0,0.0031505977398967938,0.0028145248084577093,0.003007921770457926,0.0029208518569525744,0.0001818013362332799,0.0,0.0006263215838685741,0.008015362784874004,0.009030604297366957,0.008068420916252927,0.002051505494508137,0.005848138425616153,0.24520832717462016,0.002525679689701215,0.0015469422823349303,0.0016351454180952689
0.0033097137496982316,0.006928168599117729,0.006117593430186341,0.0007120338619881312,0.006913093111676377,0.0009383469392132115,0.0069398886382565726,0.0,0.007546214335895809,0.010418858466259411,0.3340368702860861,0.33562477662730794,0.0007631113519919899,0.008649690106309886,0.2882333518684007,0.0033080059030638222,0.26408920828384586,0.0,0.01323271824167028,0.007498141506541517,0.35261965051480465,0.362336628919991,0.0,0.00859362322447913,0.022299410882603555,0.33845876157370236,0.0037122897671120225,0.3337737753192649,0.02154734601876831,0.009461696625538309,0.2715041056116985,0.3377638407921309,0.02530007302451573,0.025173632038811372,0.012732736098974231,0.33321622038414567,0.018049815762301562,0.32795914704092055,0.009403750326709918,0.010391674768548565,0.3531947210006777,0.002769012846669349,0.31605284517841575,0.02374350773433292,0.32299908184198195,0.3052562613428537,0.002756995147763888,0.002067747253694612,0.00253140806025935,0.25294827292571925,0.0026375369037696817,0.026652835106829528,0.05669140185103328,0.003976368335509864,0.05419607157793539,0.036878599298389686,0.005453756234377408,0.0035971757994046815,0.0027394580580758308,0.24678264307238726,0.003327623053568035,0.004540107058641139,0.004100170947163333,0.0029383462261630402,0.3094128761297632,0.31277966847472727,0.02914183940071022,0.0013371568345591017,0.0025895003306195957,0.006957320479507262,0.28872240719362535,0.025870613417145232,0.029145270112925066,0.2918421341599119,0.007106011693846936,0.0,0.002845562451350945,0.21808575459226762,0.0,0.0075076837210962975,0.07452508702866428,0.07416945352459833,0.0064556753190096235,0.03801487317064797,0.040264474831571,0.3006786988951192,0.006421405032485591,0.28632440711961543,0.02817373588549877,0.3084264087310408,0.00707534167871398,0.22574811122115102,0.0008780547116408662,0.0,0.00666637002293944,0.0,0.007031925373497599,0.0062818328612082785,0.006713482064477,0.006519147787430703,0.00040576853496900083,0.0,0.001397908270485492,0.26387529537397636,0.27885774730129453,0.26442605645588835,0.0045788243157865215,0.2312482847951631,0.007915429110345283,0.005637149697161685,0.0034526726623131552,0.003649536216336871
0.001527534480180271,0.2510476264592281,0.24301101597414473,0.00032862548168764147,0.0031906046538753416,0.0004330759130303915,0.003202971611824369,0.0,0.0034828095311754768,0.2563251814942444,0.020724760841647413,0.020913463415615313,0.00035219931104042804,0.003992097468086838,0.01519486433987333,0.0015267462565397363,0.01115585401450325,0.0,0.2630315846236562,0.0034606224449341945,0.025298075422363595,0.026354665316916506,0.0,0.003966220881267063,0.32413546506350877,0.02434573300445131,0.0017133356684399179,0.023400922647305936,0.32255320241432034,0.004366863399541083,0.013974406451187039,0.023567574083946625,0.011676760233283082,0.011618403837540701,0.2674749292791549,0.023727968041690636,0.30078930919916025,0.02240804069229021,0.004340119404092152,0.00479607685626123,0.026173672496805366,0.001277984417756736,0.020490944825760887,0.3327099873994802,0.021546048385423296,0.018807515427518913,0.0012724378808539024,0.0009543288227281198,0.0011683225160499097,0.009270000925168184,0.001217304234731312,0.29910176007093753,0.3842633154435305,0.0018352160330911286,0.37450228685005954,0.3284138581607982,0.0025170758937292327,0.0016602070391621294,0.0012643439756988232,0.00951198146827822,0.0015358001736045593,0.002095398756589295,0.001892354738229689,0.0013561369697246057,0.015556042853400166,0.01588586229771404,0.3080076854238539,0.0006171389203625141,0.001195133881841081,0.003211016941595226,0.013031032448795382,0.2955059364075371,0.3097054858322652,0.013505258670163056,0.2354426065275764,0.0,0.0013133144098462243,0.005473149480626464,0.0,0.0034650264698294106,0.385378201784997,0.3838372960719426,0.00297949230308364,0.3183026291974825,0.327937184578854,0.01415411020179623,0.0029636755139985154,0.012578510441777638,0.2930279880299925,0.01498527868099468,0.0032654873474413267,0.005792529912802358,0.0004052491994627812,0.0,0.0030767343757775443,0.0,0.003245449390011896,0.002899258673080125,0.0030984780289520426,0.0030087867954137395,0.00018727463309897938,0.0,0.0006451775726799493,0.008256672672451518,0.009302478966828832,0.00831132816780033,0.002113267959106575,0.006024202025467969,0.24771207347790797,0.0026017176056803613,0.0015935144061748636,0.0016843729786690793
2.4007863840736504e-05,5.025526102021668e-05,4.437554459756197e-05,5.164921591833564e-06,5.014590707688612e-05,6.806541971811501e-06,5.0340275352310827e-05,0.0,5.473841546137303e-05,7.557588188908097e-05,0.00032572569907513937,0.000328691488562054,5.535425362877518e-06,6.274276207596116e-05,0.00023881374782917537,2.3995475533903805e-05,0.00017533366852427463,0.0,9.598694080955374e-05,5.438970677268897e-05,0.00039760329999301324,0.0004142094497415481,0.0,6.23360664621516e-05,0.00016175453851469693,0.00038263558083796153,2.6928052999843545e-05,0.0003677862411314123,0.00015629924170783402,6.863286116782485e-05,0.00021963212725359548,0.0003704054586035187,0.00018352061666621327,0.00018260344430683456,9.236019115310958e-05,0.0003729263289002995,0.00013092900230759417,0.0003521813725701942,6.821253271722292e-05,7.537869791406519e-05,0.0004113648324594128,2.0085750135385325e-05,0.0003220508733045783,0.0001722296681516074,0.00033863366271255424,0.00029559284940863556,1.999857665126526e-05,1.4998938965124502e-05,1.836222242530508e-05,0.00014569420389690623,1.9132055413068207e-05,0.00019333322595427088,0.000411225731138888,2.8843615127816107e-05,0.0003931252082644656,0.0002675084486305036,3.9560229976818595e-05,2.60930440921588e-05,1.9871366840014352e-05,0.0001494973494274789,2.4137773603726705e-05,3.2932839613746424e-05,2.9741649359318807e-05,2.1314053555566895e-05,0.0002444902969921953,0.000249673983785426,0.00021138786170394708,9.699412591415838e-06,1.878360971812917e-05,5.046672171682739e-05,0.00020480536236273892,0.00018765917881925092,0.00021141274726141793,0.00021225865307402872,5.15452918585825e-05,0.0,2.0641022471678934e-05,8.602007301031331e-05,0.0,5.445892369146062e-05,0.0005405869744071805,0.0005380072948975558,4.6827908931072197e-05,0.0002757507047511275,0.00029206877164626564,0.00022245648456419847,4.6579320553081206e-05,0.00019769319116766612,0.00020436547271968685,0.0002355197443047926,5.132281897935762e-05,9.103969255315303e-05,6.36919672092884e-06,0.0,4.83562374049085e-05,0.0,5.10078875916514e-05,4.5566897746339335e-05,4.8697976770917416e-05,4.728832288065553e-05,2.943346910070129e-06,0.0,1.014008882874391e-05,0.00012976798616968216,0.00014620465286687692,0.00013062699243599401,3.3213685242138885e-05,9.468082315199578e-05,5.741661022482628e-05,4.089052184396498e-05,2.5044853250830294e-05,2.6472853905157514e-05
0.0038426361886899057,0.008043726253589819,0.007102634149152329,0.0008266839045816862,0.008026223346092274,0.001089437389108304,0.008057333426274123,0.0,0.008761288282821349,0.012096478914811588,0.35205085023415983,0.35374856465841115,0.0008859857736735892,0.010042443164908117,0.30305664381800607,0.0038406533485477027,0.27692928527751515,0.0,0.015363419871224668,0.008705474877874661,0.3725526566224823,0.3829152799342074,0.0,0.009977348523678342,0.025890010352638746,0.35760832662483466,0.004310034063613062,0.35249533470792926,0.025016849747048927,0.01098519709235086,0.2853762931949541,0.3566788887656455,0.02937383215976474,0.029227031939520462,0.014782931762427428,0.35200465525606306,0.020956155272862924,0.3461976828458949,0.01091792041475332,0.01206491816108307,0.37338389421010115,0.0032148728791210573,0.3333334087142187,0.027566632333296214,0.34082155337720016,0.3216828793856127,0.003200920118184218,0.0024006911252779923,0.0029390095205607436,0.26486729817597776,0.0030622269845404617,0.03094441285806849,0.06581972001663434,0.004616633951194121,0.06292259744492743,0.042816705905490214,0.0063319074262608325,0.0041763847115576964,0.003180559246950029,0.2585365801331292,0.0038634292071709274,0.0052711445772769885,0.004760370972511246,0.0034114719270160443,0.32512290659089993,0.3287036817614242,0.033834190856042695,0.0015524627297147167,0.003006455673687973,0.008077572102211434,0.3029838861744349,0.030036239644408207,0.033838173973588966,0.3063470920958287,0.008250205231349563,0.0,0.0033037483237743073,0.2276867238756368,0.0,0.00871655355770665,0.08652494385888226,0.08611204707203503,0.00749515320033959,0.04413593996378322,0.04674776727156409,0.3156871641582544,0.0074553647916876225,0.30037514309579194,0.032710205556018224,0.32394664428342973,0.008214596801445815,0.23572047370827626,0.0010194370467562356,0.0,0.007739773477292495,0.0,0.008164189703364029,0.007293319032795902,0.007794471390594454,0.007568845858552876,0.00047110444425767467,0.0,0.0016229962210859595,0.27593021800686324,0.29175180689085484,0.276516171810179,0.0053160959974556145,0.24148788726915085,0.009189953164739872,0.006544830479479041,0.004008614014161959,0.0042371760814992375
0.0024677148387455498,0.0051656263200805875,0.004561263368005638,0.0005308907838563434,0.0051543860718676554,0.00069962928546284,0.0051743647538790485,0.0,0.0056264397773802596,0.007768276529147661,0.3045427391942008,0.3059529414953168,0.0005689740410624668,0.006449188733568767,0.2639011954755436,0.0024664414722852597,0.24294543968236343,0.0,0.009866283803209877,0.005590596788134167,0.3200625455209054,0.3287328986979104,0.0,0.00640738539747405,0.016626388652282133,0.3071826735958321,0.0027678745767246065,0.30318334282320386,0.016065650846979595,0.007054618897080889,0.24872496676585198,0.30685474174402333,0.018863675334350564,0.018769401230834305,0.009493498285806343,0.30252464920481925,0.013457900459614095,0.29814495906495936,0.0070114142720639205,0.0077480084276481944,0.3202376028887323,0.0020645695087758062,0.28777990907972484,0.017703103890850166,0.29385330573666024,0.27835806320795903,0.002055609140550825,0.0015417075211361694,0.0018874119351837166,0.2332849312379271,0.00196654135293872,0.01987229158224285,0.042268976762669386,0.002964770940311774,0.040408464341298744,0.0274965974713327,0.0040663079058426916,0.002682045871361741,0.0020425335274541997,0.22740402882690072,0.0024810679738664207,0.0033850932151228068,0.00305707787830017,0.0021908240808848328,0.2836068536830538,0.28662608807613266,0.02172808736828956,0.0009969810116274799,0.0019307253962337742,0.005187361893986681,0.2652594039383929,0.01928906891804763,0.021730645299301177,0.2679869700267815,0.00529822571598657,0.0,0.002121644715170954,0.20217999371700235,0.0,0.0055977114410111625,0.05556573076333458,0.055300571253628104,0.004813336434395866,0.02834380061562466,0.03002109835789392,0.27600147112613843,0.0047877845888348635,0.2631994333105214,0.021006271649287596,0.28291936198597,0.005275358224362839,0.2092306665923612,0.0006546755414555626,0.0,0.004970429913365195,0.0,0.0052429871286341695,0.0046837199040359575,0.005005556541459973,0.0048606613585494415,0.0003025400716090157,0.0,0.00104227714031061,0.2439503716743569,0.2575615979775939,0.24444398533348077,0.0034139607115889,0.21429075861284136,0.00590172545055248,0.004203045643202294,0.0025743046699727803,0.0027210856758881122
0.0022066379032005716,0.004619118324650011,0.004078695186449526,0.0004747241082007627,0.00460906726147261,0.0006256105751166264,0.0046269322579828,0.0,0.005031179080300069,0.006946415834851704,0.29306475276173144,0.29441034187530485,0.0005087782693659509,0.005766883628912815,0.2542966564258235,0.002205499255147798,0.23445371109043986,0.0,0.008822460140882461,0.004999128173366816,0.307564846530874,0.31585074629435855,0.0,0.005729502962209149,0.014867365879325016,0.2951797825068355,0.0024750416281528595,0.2914143345677667,0.014365952476321338,0.006308261070735018,0.23971560941615688,0.29495764557089854,0.01686795424369524,0.016783654061663263,0.008489114229292029,0.29073449684435915,0.012034094371609409,0.28664619630066346,0.006269627367334966,0.006928292038579781,0.3076265395931501,0.0018461441574719295,0.27682158871389245,0.0158301678283483,0.2825867463135267,0.2678836859458443,0.0018381317697189208,0.0013785994225807114,0.001687729331500353,0.22530915615495015,0.00175848709075796,0.017769861873960336,0.03779704396534931,0.0026511069384845313,0.03613336825861373,0.02458753873690511,0.0036361045491293226,0.002398293346113671,0.0018264395178373147,0.21957051479692757,0.002218578316096597,0.0030269603590641144,0.0027336480752866736,0.001959041369051598,0.273380747686523,0.2762708170303204,0.01942931995144723,0.0008915033676041739,0.0017264603564029076,0.004638554339085691,0.2558825885104377,0.017248342443671127,0.019431607260918905,0.2584716774539837,0.004737689096423777,0.0,0.0018971809757408306,0.19558422972884218,0.0,0.005005490116999848,0.049687040697028846,0.04944993427965619,0.004304099667526211,0.025345110292804836,0.02684495489191808,0.2661713300265043,0.004281251131696074,0.25393886693546525,0.018783870201878366,0.2727839400379596,0.004717240917819115,0.2023890003161617,0.0005854128043451623,0.0,0.0044445731207780345,0.0,0.004688294588331819,0.004188196182940884,0.004475983455452271,0.004346417754593537,0.00027053222632029815,0.0,0.0009320072997648494,0.23578761162720685,0.24887106452424695,0.2362600174703305,0.0030527737597344177,0.2072723102080998,0.005277340342976072,0.003758375838063567,0.0023019508453561263,0.002433202854720113
0.0,0.0,0.0,0.0,0.0,0.0,0.0,0.0,0.0,0.0,0.0,0.0,0.0,0.0,0.0,0.0,0.0,0.0,0.0,0.0,0.0,0.0,0.0,0.0,0.0,0.0,0.0,0.0,0.0,0.0,0.0,0.0,0.0,0.0,0.0,0.0,0.0,0.0,0.0,0.0,0.0,0.0,0.0,0.0,0.0,0.0,0.0,0.0,0.0,0.0,0.0,0.0,0.0,0.0,0.0,0.0,0.0,0.0,0.0,0.0,0.0,0.0,0.0,0.0,0.0,0.0,0.0,0.0,0.0,0.0,0.0,0.0,0.0,0.0,0.0,0.0,0.0,0.0,0.0,0.0,0.0,0.0,0.0,0.0,0.0,0.0,0.0,0.0,0.0,0.0,0.0,0.0,0.0,0.0,0.0,0.0,0.0,0.0,0.0,0.0,0.0,0.0,0.0,0.0,0.0,0.0,0.0,0.0,0.0,0.0,0.0,0.0
0.22920755905939924,0.0011648699416677616,0.0010285836148785025,0.00011971805123004783,0.001162335219551059,0.00015776927606591607,0.0011668404943632814,0.0,0.287346682710946,0.0017517782484943862,0.007550017020679936,0.007618761246786554,0.00012830598207354775,0.0014543185353290203,0.005535479288254454,0.0005561926775034429,0.004064070429245298,0.0,0.0022248875017624905,0.2847022181799623,0.009216072575634464,0.009600987593409827,0.0,0.0014448917114240703,0.0037493188975441156,0.008869134846427762,0.0006241670800303983,0.008524941042105178,0.0036228702204467223,0.0015908455226785923,0.005090867265804109,0.00858565205309207,0.004253836229102561,0.0042325770317353665,0.002140822837188445,0.008644083468548893,0.0030348118024759946,0.008163234785653204,0.001581102702368954,0.0017472077083994487,0.009535052025665484,0.0004655688999236774,0.007464837996751056,0.003992122604089418,0.007849211543683525,0.006851565751683764,0.23405826133313473,0.00034766137520118217,0.00042561913979216994,0.0033770553639438316,0.00044346314834659386,0.004481283333683115,0.009531827787171123,0.0006685680183396179,0.009112274598174607,0.006200595611800575,0.0009169691262158969,0.0006048123546177595,0.2335000532848978,0.003465208719879442,0.0005594910136562958,0.000763352416862109,0.000689383611804457,0.0004940398242482297,0.005667056388008077,0.00578720939905354,0.004899772902050845,0.00022482331103660847,0.00043538650307407747,0.27467062858918473,0.004747196724592792,0.004349764228598138,0.004900349725995062,0.00491995703147092,0.001194771649805986,0.0,0.00047843959327711243,0.0019938648291861604,0.0,0.2829510396030643,0.01253030040159821,0.012470505843597822,0.0010854271261871984,0.006391643398868671,0.00676988092557505,0.005156333226359509,0.0010796650801149835,0.004582343249017313,0.004737000494139703,0.0054591273677707984,0.27631654965780467,0.002110214914836096,0.00014763202224328805,0.0,0.2704868486574365,0.0,0.27747722668088454,0.2646108307216651,0.0011287735494529922,0.001096099090867243,6.822402816815764e-05,0.0,0.00023503777400923575,0.0030079005344139146,0.003388887093593688,0.0030278114961523966,0.2522118463124855,0.0021946129162030057,0.0013308633175031837,0.26407838807350753,0.0005805162713936799,0.0006136159908088974
0.0007275148124701424,0.001522894624832202,0.0013447204724385568,0.00015651359022329878,0.0015195808517242412,0.0002062599212925512,0.001525470830123978,0.0,0.001658748496887171,0.0022901901603801177,0.009870527109424264,0.009960399985941386,0.00016774103566778506,0.0019013057175082402,0.007236817907657059,0.00072713940727866,0.005313169127513122,0.0,0.0029087103169984866,0.0016481815119218429,0.012048647566099017,0.012551866844594656,0.0,0.0018889815438468149,0.004901678197376179,0.0115950779579727,0.0008160058536789102,0.011145095624534732,0.004736365312408904,0.0020797944978793092,0.006655553652390931,0.011224466264116776,0.0055612597565543815,0.005533466510080535,0.002798808240175346,0.011300856670751473,0.003967566177174307,0.010672218358142024,0.0020670572058010092,0.0022842148573062023,0.012465665872184497,0.0006086622633319097,0.009759168173074668,0.005219108020535478,0.010261679558777586,0.008957405699716817,0.000606020628850279,0.0004545156679016266,0.000556433879036489,0.004414998857424075,0.0005797622728261727,0.0058586131010002485,0.012461450658711636,0.0008740534930503985,0.011912947110376253,0.008106358821869641,0.0011988010880012536,0.0007907024217319833,0.0006021657660190624,0.004530246291590895,0.0007314514924466212,0.0009979700315964888,0.0009012667932364352,0.0006458837728472023,0.007408835444377867,0.007565917680027765,0.006405726123165717,0.0002939231236617158,0.0005692032574097549,0.0015293025580852431,0.006206255407837928,0.005686671383704415,0.0064064802348933044,0.006432113877799289,0.0015619866719081246,0.0,0.0006254887853535416,0.002606682447881053,0.0,0.0016502790052271188,0.016381508738912292,0.016303336225642152,0.001419034929986206,0.008356125458989266,0.008850614908606518,0.006741140683073999,0.001411501909622707,0.005990733946721534,0.006192925349266472,0.007136999099444271,0.0015552450344145643,0.002758792922790697,0.00019300696591545817,0.0,0.0014653481551199293,0.0,0.0015457016093523444,0.0013808222709312582,0.001475703947389701,0.0014329869404779271,8.919279489084908e-05,0.0,0.00030727701854743193,0.003932383686826513,0.004430467088547317,0.003958414315244446,0.0010064805494846446,0.002869130788015574,0.0017399063364191554,0.0012391131726031083,0.0007589388975625361,0.0008022118699157581
0.0005802943917597785,0.0012147205732220155,0.001072601870457008,0.00012484138753462952,0.0012120773776235854,0.00016452101526907807,0.0012167754557580333,0.0,0.001323082958016187,0.0018267456323256,0.00787312014426762,0.00794480628085243,0.00013379683904372384,0.0015165561250151372,0.005772370230843204,0.0005799949538328515,0.004237992401417388,0.0,0.0023201016051852576,0.001314654315728658,0.00961047457873487,0.01001186204209789,0.0,0.0015067258799998959,0.0039097710718643455,0.009248689642735113,0.0006508783222231033,0.00888976605793766,0.003777911021198949,0.0016589257874137643,0.005308731028342152,0.008953075197807213,0.00443587923232876,0.0044137102472014186,0.0022324393916741915,0.009014007186812154,0.003164686631922733,0.008512580575285165,0.0016487660229216187,0.0018219794958794072,0.009943104760463976,0.00048549292994885416,0.007784295882371706,0.004162965567700398,0.008185118702636699,0.007144778639783462,0.0004833858585208997,0.0003625395504384846,0.26353581517359986,0.0035215765131849687,0.0004624411623079331,0.004673059940123672,0.009939742540621244,0.0006971793995411012,0.009502234564833565,0.006465950220245741,0.000956210837605727,0.29899233532042907,0.00048031106850478564,0.003613502393683042,0.0005834344423447929,0.0007960200982210769,0.32105754236770445,0.0005151822680273749,0.005909578175111024,0.006034873136574732,0.005109458777617301,0.00023444462895579803,0.00045401887684566453,0.001219831792493119,0.004950353099710876,0.004535912472407457,0.005110060286753306,0.0051305066872440516,0.0012459019255350286,0.0,0.0004989144248718545,0.00207919231289343,0.0,0.0013163273587800735,0.013066534848243718,0.013004181380983845,0.0011318780009252668,0.006665173901035288,0.007059598109970616,0.005376998605938442,0.001125869367980587,0.004778444716477991,0.004939720521379472,0.00569275082845419,0.0012405245306535315,0.0022005216026961803,0.0001539499374741702,0.0,0.0011688192485105322,0.0,0.0012329123199509302,0.0011013980830408114,0.0011770794352082771,0.0011430066725390167,0.19128935567873923,0.0,0.0002450962200677642,0.00313662369562643,0.003533914581932717,0.003157386747355399,0.0008028084215882675,0.0022885314181545695,0.001387817638768386,0.000988365339773422,0.0006053594763913665,0.0006398756989354694
0.004934964330208666,0.010330278536455033,0.009121666599548408,0.0010616814554227027,0.010307800159649666,0.0013991266389124706,0.010347753756209043,0.0,0.011251818553538224,0.015535088161981007,0.3945088995196843,0.3964542575272344,0.0011378407883162545,0.012897161316712067,0.33832730181388654,0.0049324178374121124,0.30784029243081046,0.0,0.019730707080120896,0.011180139334108054,0.41911016595463385,0.4309383525850269,0.0,0.012813562527552124,0.0332496419970909,0.402328438441818,0.0055352272037927225,0.396287668810537,0.03212827212715319,0.014107907475244517,0.3184278495181143,0.40093728533563705,0.037723793466744183,0.03753526303737268,0.018985206343034106,0.3959098253191164,0.026913263106792228,0.38892983833120326,0.014021506372486984,0.015494555781022547,0.4204411589294483,0.004128749693065971,0.37395360635428937,0.03540286943354237,0.3826417064058323,0.3604158938512248,0.0041108306463100265,0.0030831243160530826,0.003774467953224541,0.29375537890586084,0.003932711866970115,0.03974083576355494,0.08452998268804462,0.0059289828013983255,0.08080930868989272,0.05498800979456459,0.008131849011038968,0.005363585978144039,0.0040846818858396895,0.2869582144436267,0.004961668082394007,0.0067695480890954465,0.006113579270670714,0.004381235028932629,0.36260156881095973,0.36667171420005323,0.043452077380494614,0.001993774018386198,0.0038610867075246046,0.01037374558549937,0.3372021115250524,0.03857450041589549,0.04345719276015815,0.3411044264925772,0.010595452323445704,0.0,0.004242889342946478,0.2513136048297085,0.0,0.011194367298222275,0.11112098326499917,0.11059071424782124,0.00962576519785909,0.05668225632251703,0.06003653551202263,0.3516187813589219,0.009574666325155206,0.33413427395872985,0.04200858205829223,0.3610410747223773,0.010549721652416548,0.26024203150700775,0.00130922762801297,0.0,0.009939922532025018,0.0,0.010484985565311775,0.009366556579469155,0.01001016916423977,0.009720406121907853,0.0006050230919745324,0.0,0.002084357734072496,0.3053480543276042,0.3231330509319123,0.3060144187663728,0.00682727763836339,0.2666528866495283,0.011802337988114784,0.008405298700552566,0.00514812389257396,0.00544165822529797
0.005118107833184513,0.010713649777114562,0.009460184542584576,0.0011010819551589158,0.01069033719596771,0.0014510502064626386,0.010731773526978789,0.0,0.011669389447035747,0.01611161724601261,0.40195012218381865,0.40393831632426624,0.0011800676685644906,0.013375793206212959,0.34452572957356054,0.005115466836440241,0.3132905936927593,0.0,0.02046294151365548,0.011595050110437826,0.42724839478504417,0.4393305892054276,0.0,0.0132890919478016,0.03448358321744878,0.4101451068107236,0.0057406473106138296,0.403945839936691,0.03332059772632918,0.0146314718663505,0.32423850177902835,0.4086776466380625,0.0391237767733601,0.038928249713224436,0.019689774190282474,0.40358550236212504,0.02791205234863467,0.3964061693789066,0.014541864296522244,0.01606958065109515,0.42866170353341776,0.004281973431091772,0.3810671904561239,0.036716719968138134,0.38996167807562976,0.3672050906998848,0.0042633893831781075,0.003197543418111337,0.003914543795027922,0.29885863886930003,0.0040786603641259495,0.04121567436134834,0.0876670098477368,0.006149015735108657,0.08380825637750412,0.05702869257595789,0.008433633424035811,0.005562636236427854,0.00423627020523957,0.2919758050244774,0.005145802599365215,0.007020775588960273,0.006340462840324368,0.00454382885471724,0.36919295326789336,0.37334810695029935,0.045064645401367225,0.002067765790856426,0.004004377093755145,0.01075872994979938,0.34322986080979184,0.04000605466005996,0.045069950620001804,0.34722489876469387,0.010988664538223232,0.0,0.004400348964741407,0.25550503859609236,0.0,0.011609806094414756,0.11524484004846094,0.11469489199840109,0.00998299095253529,0.05878581498776113,0.06226457622001715,0.3579444277106027,0.009929995728425617,0.3400834684767787,0.04356757992705268,0.3675683166902637,0.010941236737341592,0.2645912460904347,0.0013578149161761904,0.0,0.010308807109504152,0.0,0.010874098202525358,0.009714162735867246,0.010381660693549809,0.010081144135071734,0.0006274763542538996,0.0,0.002161711196292293,0.3105547746773974,0.3286831496735092,0.31123510336309107,0.007080647563415247,0.2711155589302221,0.01224033943611247,0.008717231218109885,0.00533917804825816,0.005643605855046344
0.0012842578995892967,0.23468312763693455,0.2271962767350934,0.0002762882778357216,0.002682465950439436,0.0003641038350672713,0.0026928633350130774,0.0,0.0029281340036587207,0.2394695538094263,0.017424115902669214,0.01758276552690715,0.00029610771691398926,0.003356312263874991,0.012774915928160968,0.0012835952091884357,0.009379162192856018,0.0,0.24562318945333278,0.0029094804536773993,0.021269080094180305,0.022157396486583887,0.0,0.003334556806653638,0.3024194392004275,0.020468408627063266,0.0014404682155406386,0.019674069657618504,0.3009714708883489,0.0036713926199729145,0.011748829312769823,0.01981418002943705,0.009817108396423377,0.009768045895251645,0.24980427706828054,0.019949029494343955,0.2807536572759871,0.018839315018274364,0.003648907898437975,0.004032249137161204,0.02200522875353918,0.0010744514152390347,0.017227537645779493,0.31038192936117265,0.01811460441838769,0.015812212799666728,0.0010697882250294195,0.000802341515230283,0.0009822543713239565,0.007793651843421797,0.0010234352153364785,0.27879570897226047,0.3571883111266461,0.001542937798479067,0.34816144924048537,0.3057829580393745,0.0021162040152481972,0.001395800901820624,0.0010629833628355977,0.007997094337236601,0.0012912071908907097,0.0017616835762828812,0.0015909765395998837,0.0011401573181434033,0.013078572811312967,0.0133558649001621,0.28702244776127817,0.0005188527944233604,0.0010047957337369518,0.0026996273579841337,0.010955697942867335,0.27546431571864816,0.2886114870562495,0.011354398449393356,0.2200685572836504,0.0,0.0011041547194996356,0.004601490537416924,0.0,0.002913183089418232,0.3574475662984125,0.3560208745510651,0.0025049755515496436,0.2962685835769293,0.3051878698266208,0.011899913274736074,0.0024916777591971503,0.010575245017063688,0.273043595125113,0.012598709078791669,0.00274542275567194,0.0048700061410370315,0.0003407088301213964,0.0,0.0025867307601226412,0.0,0.0027285760622229346,0.002437520005058425,0.0026050114986052074,0.0025296045754293187,0.0001574490985772497,0.0,0.0005424259845540696,0.006941707203013542,0.00782095740156603,0.006987658212675459,0.0017767069127704936,0.005064781934752824,0.23151753489933805,0.0021873656084026565,0.0013397298004022154,0.0014161181510320051
0.0005101750067353414,0.0010679408338684095,0.0009429949250849755,0.00010975628341535788,0.0010656170265882076,0.0001446412566877832,0.0010697474164005519,0.0,0.0011632093409869653,0.0016060123594323257,0.006921778289893665,0.006984802292424649,0.00011762961046943283,0.0013333043404879386,0.005074870726337138,0.0005099117511386026,0.0037258981521098057,0.0,0.0020397540780336507,0.0011557991666050111,0.008449200961717319,0.008802087108356976,0.0,0.0013246619248656682,0.003437337171005711,0.008131132004337448,0.0005722299872950028,0.00781557864919264,0.003321410318719,0.0014584708844086237,0.004667254977128485,0.007871237882364632,0.0038998734941545327,0.003880383279709484,0.00196268445440207,0.007924807205698471,0.002782284383035687,0.007483970057268893,0.0014495387665184416,0.0016018221350771258,0.008741638055050934,0.0004268287998708606,0.006843687033016983,0.0036599371227763666,0.007196076764732713,0.006281445318849451,0.0004249763346476684,0.0003187323886172381,0.2523233216274579,0.003096049775502396,0.0004065624731951813,0.004108394670500578,0.008738682106216568,0.0006129363128566354,0.008354040038907665,0.0056846425607535896,0.0008406679048482941,0.2862613244744816,0.0004222730842984384,0.00317686786950471,0.0005129356319474876,0.0006998336787985369,0.3073837352365813,0.0004529306517399501,0.005195499263998341,0.005305654314118336,0.004492061621308836,0.00020611570929346897,0.00039915788751685095,0.0010724344432554548,0.004352181344245702,0.003987819301757708,0.004492590447594029,0.004510566224469017,0.0010953544136861756,0.0,0.00043862851973714285,0.0018279548575640724,0.0,0.0011572700489056933,0.011487651093774297,0.011432832055315544,0.000995108474156475,0.005859793215545238,0.00620655750675256,0.004727273499372641,0.0009898258893227218,0.00420104536599209,0.004342833544579072,0.005004872067506583,0.0010906267917948685,0.0019346234246246622,0.0001353475261920221,0.0,0.0010275859571431214,0.0,0.001083934396173582,0.0009683115715277283,0.0010348480311248767,0.0010048924220906995,0.18317037171373945,0.0,0.00021548022434730215,0.0027576124080566375,0.0031068969840845674,0.00277586657388366,0.0007058017408180157,0.0020119986480144603,0.0012201218610073809,0.0008689370447760956,0.0005322113729355442,0.0005625568567433661
0.0005631816336596906,0.0011788987220652087,0.0010409710695954495,0.00012115984158813024,0.001176333473742385,0.00015966932554631045,0.0011808930065526123,0.0,0.0012840655231962197,0.0017728752924424573,0.007640943506969429,0.007710515634644404,0.0001298511987383468,0.001471833207680216,0.0056021442613572526,0.0005628910260934945,0.004113014907536163,0.0,0.002251682302670962,0.0012758854397757532,0.009327063728951892,0.009716614361453756,0.0,0.0014622928544981535,0.0037944727551312897,0.008975947753710559,0.0006316840590371067,0.008627608749033604,0.003666501229294227,0.0016100044190374147,0.005152177680254553,0.008689050915843453,0.004305066097923232,0.004283550871448732,0.0021666052291778506,0.008748186033461723,0.0030713606967358647,0.008261546385982395,0.0016001442638376845,0.0017682497083456139,0.009649884717420561,0.00047117584677952915,0.007554738653651004,0.004040200599176382,0.007943741294259619,0.006934080638428481,0.0004691309124395047,0.00035184833626087676,0.0004307449630549334,0.0034177259713619964,0.00044880387085987944,0.004535252397128062,0.00964662164872536,0.0006766197274399612,0.009222015690022166,0.006275270724497516,0.0009280123835296737,0.0006120962404844062,0.00046614679732651137,0.003506940977210169,0.0005662290848212978,0.0007725456349536384,0.0006976860075944599,0.0004999896525973488,0.005735305972552674,0.005856906012271255,0.004958781925789424,0.00022753090674831837,0.00044062995680324986,0.0011838592125679066,0.004804368240459571,0.004402149379043608,0.004959365696549036,0.004979209137041231,0.0012091605429353134,0.0,0.0004842015446739516,0.002017877374132421,0.0,0.0012775091451436818,0.01268120551671895,0.01262069083993693,0.0010984991595928428,0.006468619341344398,0.006851412064309546,0.005218432061517957,0.0010926677199547925,0.004637529398858342,0.004794049214600065,0.0055248728181980815,0.0012039417262843192,0.0021356286890032517,0.00014940998658557065,0.0,0.0011343510176495878,0.0,0.001196553998055115,0.0010689180879992943,0.0011423676131997577,0.0011092996490493882,6.904566488034716e-05,0.0,0.00023786838470553332,0.0030441253304578763,0.0034297001930884705,0.0030642760842106757,0.0007791337721095929,0.0022210431137362455,0.0013468911919915056,0.0009592186562723769,0.0005875075542804776,0.0006210059007683689
0.001134599020433009,0.0023750372087829124,0.0020971649025326423,0.00024409147842484118,0.0023698691989255402,0.00032167359432660705,0.0023790549414123806,0.0,0.002586908730178122,0.0035716764360440266,0.015393625253464984,0.015533786905038243,0.00026160129181273276,0.0029651899420495465,0.011286212140755186,0.0011340135555665612,0.008286176974188684,0.0,0.0045362923473469645,0.0025704289409214823,0.018790522875573132,0.019575320780244765,0.0,0.0029459697212042514,0.007644434430603565,0.01808315633917092,0.0012726056244933015,0.017381384353254377,0.007386619972212001,0.0032435529277868437,0.01037969883912432,0.017505167193654782,0.008673087838220574,0.008629742754816958,0.004364894065731623,0.017624302198265794,0.006187635799250278,0.016643906470965586,0.0032236884262436495,0.003562357625075165,0.019440885663350227,0.0009492419891852924,0.015219954919977591,0.008139483548833773,0.016003648827238575,0.013969562623767001,0.0009451222161664809,0.0007088419682091416,0.2946389085110078,0.006885431461990736,0.0009041708781147147,0.009136826593154318,0.019434311808089483,0.0013631340833513705,0.018578890615313565,0.012642308611344244,0.001869595665718586,0.33438671386690033,0.0009391103473808107,0.007065166119858553,0.0011407384875180922,0.001556388682213044,0.35909889998395966,0.0010072909629123012,0.01155448286915186,0.011799461181126935,0.009990079184544769,0.0004583891385756208,0.0008877035178041692,0.002385030730106849,0.009678993727126306,0.008868674109285232,0.00999125526290462,0.010031232326783924,0.0024360033878335725,0.0,0.0009754838678052163,0.004065263416292487,0.0,0.002573700096104496,0.025547856139557935,0.025425941842473113,0.0022130623513437393,0.013031833301364773,0.013803016561874968,0.010513176480418067,0.002201314195321585,0.00934287625642534,0.009658204773914287,0.011130539266364519,0.002425489436550112,0.004302487996289842,0.0003010048877505339,0.0,0.0022852903513364852,0.0,0.0024106059447756884,0.002153467625863612,0.0023014407740683564,0.0022348212724895913,0.21365525557528992,0.0,0.00047921526581948455,0.006132766787099909,0.006909555011888877,0.006173362971532168,0.001569661298926502,0.004474565913680632,0.002713478806354031,0.0019324645598179117,0.001183606594646897,0.0012510931546476328
4.144135793545715e-05,8.67485034859618e-05,7.659918597705574e-05,8.915468940329495e-06,8.655974133963849e-05,1.1749164524914245e-05,8.689525162604327e-05,0.0,9.44871348406036e-05,0.00013045588701394252,0.0005622539087065966,0.0005673733289308935,9.555016860716154e-06,0.00010830389901817136,0.0004122301788009992,4.141997376479233e-05,0.0003026535540043431,0.0,0.00016568859260475654,9.388520866846162e-05,0.0006863259797138173,0.0007149908122130393,0.0,0.00010760187827136652,0.00027921383479766513,0.0006604893367248065,4.648206480486449e-05,0.0006348570353269565,0.000269797132457253,0.00011847113865100598,0.0003791196776198852,0.0006393782176150773,0.00031678551720605943,0.0003152023331174765,0.00015942825092454536,0.0006437296371737182,0.00022600409952153617,0.0006079205720134689,0.00011774558547862026,0.000130115516386136,0.0007100805543175269,3.4671171341378484e-05,0.0005559105800740061,0.00029729556000167686,0.0005845350889425623,0.0005102398596046502,3.452069616450037e-05,2.589053330313836e-05,3.1696090791982835e-05,0.0002514911652642872,3.30249438964511e-05,0.0003337236278386759,0.0007098404435083602,4.978862703462102e-05,0.0006785960873992974,0.00046176175623109753,6.82871937859194e-05,4.504070778733831e-05,3.430111197508966e-05,0.000258055994032837,4.166560266722927e-05,5.6847273181735906e-05,5.133877569727917e-05,3.679141669210058e-05,0.00042202879758955535,0.0004309766582259136,0.00036488877553611813,1.6742715288250844e-05,3.242347169297518e-05,8.711351798602978e-05,0.0003535263439129409,0.0003239293279449039,0.00036493173193163133,0.00036639189872500526,8.89753000920715e-05,0.0,3.562965893497086e-05,0.0001484842074622992,0.0,9.400468798261611e-05,0.0009331383437638875,0.0009286854102323448,8.083235344282178e-05,0.0004759891897235732,0.0005041567458002912,0.00038399496361045816,8.040325071134762e-05,0.0003412496151648732,0.00035276702503847724,0.00040654420940363175,8.859127682869203e-05,0.00015714886215855215,1.0994237672469853e-05,0.0,8.347048933643397e-05,0.0,8.80476556031793e-05,7.865564933395981e-05,8.406038535889396e-05,8.162710050610632e-05,5.080680798491904e-06,0.0,1.7503391948444822e-05,0.0002240000026281503,0.00025237228066100345,0.00022548278286995703,5.73320570129018e-05,0.00016343402761256272,9.911012123162141e-05,7.058348727503435e-05,4.3231365143264474e-05,4.569631940327772e-05
0.0006142783710571847,0.1958109333977488,0.18964657605356178,0.00013215251648862538,0.001283060680397027,0.00017415591585796252,0.0012880338936910182,0.0,0.0014005671186292483,0.1993364482054718,0.008334196376931856,0.008410080693296103,0.00014163242917295365,0.0016053707209990403,0.006110419526524055,0.0006139613970443434,0.0044861834025324825,0.0,0.20410294512258287,0.0013916448668754343,0.010173296094434051,0.010598190149345894,0.0,0.0015949647839767242,0.2504588309733369,0.009790323823264913,0.0006889959324251977,0.009410380473588952,0.2493498323901192,0.001756078026718433,0.00561962806254503,0.00947739720830901,0.0046956591477267055,0.004672191872727341,0.20767861697801307,0.009541897578263854,0.23288622649784627,0.009011105748276595,0.0017453232724571786,0.0019286807053818702,0.01052540621146858,0.0005139250187553389,0.008240170269351674,0.25693346709193027,0.00866446661377827,0.007563200759360772,0.0005116945501813796,0.0003837710783518075,0.00046982589351690044,0.003727811805163895,0.0004895232625475768,0.23004217131413932,0.29157538032408237,0.0007380085555988269,0.28435519817937505,0.25124155192437303,0.0010122097405256794,0.0006676309365624464,0.0005084396901840023,0.003825121172499171,0.0006176023135005203,0.0008426376959824957,0.0007609861519622753,0.000545353063712543,0.0062556628266451295,0.006388295479868254,0.23659234322682876,0.0002481744900917302,0.00048060773989595915,0.0012912692197215477,0.005240262324484272,0.2273581564686968,0.23792425556934796,0.005430966308292197,0.18353192345474129,0.0,0.0005281325212842722,0.0022009567647303992,0.0,0.001393415888920324,0.2893003700179942,0.28815380730605633,0.0011981645601215128,0.24310505164678664,0.2502693752534237,0.005691893617679377,0.0011918040415468884,0.005058286411701223,0.22500653027151346,0.006026137345792047,0.0013131737937970333,0.002329391503304284,0.00016296576041206447,0.0,0.0012372692106467082,0.0,0.0013051157865907985,0.0011658996363623144,0.0012460131414883133,0.0012099449639441206,7.531008828474805e-05,0.0,0.0002594498739836605,0.0033203148638499716,0.0037408724324592456,0.0033422938692916214,0.0008498235662569985,0.002422555467741155,0.19301864187381965,0.0010462473178212794,0.0006408113508283838,0.0006773489587400175
0.00019581711848286142,0.00040990070865384436,0.0003619435419930189,4.212703262614535e-05,0.000409008776984297,5.551670255190408e-05,0.0004105941173490474,0.0,0.0004464669933597453,0.0006164251645417073,0.0026567406509729998,0.0026809307394876193,4.514899998293103e-05,0.0005117534386596871,0.001947854264095459,0.0001957160748180458,0.001430086990296733,0.0,0.0007829053965817219,0.0004436227948479149,0.003243001252439629,0.0033784472219113254,0.0,0.0005084362770944555,0.0013193305261806779,0.0031209189358017897,0.00021963527366545467,0.00299980216622999,0.001274835084675547,0.0005597952902545888,0.0017914017911116592,0.0030211654837442093,0.0014968628019623596,0.0014893820010982313,0.0007533242696686905,0.003041726644906207,0.0010679059214842028,0.002872523020686994,0.0005563669341726294,0.0006148168582777793,0.0033552454592276674,0.00016382689189548647,0.0026267673972886446,0.0014047696020952024,0.0027620228310839727,0.0024109658568257563,0.00016311587234865203,0.00012233695708767768,0.0001497691551450549,0.0011883364290969525,0.00015604820097673948,0.0015768981140722711,0.0033541108968216556,0.00023525931496553968,0.0032064762611116533,0.0021818989781074486,0.0003226680346060428,0.00021282462864951167,0.00016207830154072223,0.0012193563067465444,0.00019687671110719005,0.00026861255959306627,0.00024258401809941222,0.00017384539408119446,0.0019941543225847447,0.0020364344112132784,0.00172415847722713,7.911203750683912e-05,0.0001532061475402757,0.0004116254611998175,0.0016704691501815648,0.0015306184630593282,0.0017243614531431922,0.001731260977392088,0.00042042268275360554,0.0,0.0001683559007897207,0.0007016118943487047,0.0,0.0004441873539304738,0.004409229589105125,0.004388188758003491,0.00038194594289148143,0.0022491259023371553,0.0023822221602888796,0.0018144383058885318,0.00037991836308723707,0.001612459621353228,0.0016668812456964196,0.001920987139111082,0.0004186081107267315,0.0007425537891078423,5.1949551081114166e-05,0.0,0.0003944115616498705,0.0,0.00041603941251728047,0.0003716606639425872,0.0003971989157588387,0.0003857012512985436,2.4007038462430952e-05,0.0,8.270635774915208e-05,0.001058436239543894,0.001192499841847678,0.0010654426159938672,0.0002709032415985601,0.0007722522123667808,0.0004683113517247508,0.0003335183927176124,0.00020427519203446384,0.00021592249956573729
0.0007932276027711743,0.20989533414434716,0.20326329976477006,0.00017065068345812197,0.0016568370232044852,0.00022489035289762735,0.0016632590140235218,0.0,0.0018085749887602454,0.2138123950733975,0.010762082672258755,0.010860073318183587,0.0001828922481417819,0.0020730411952898696,0.007890483633029681,0.0007928182890981012,0.005793081237515027,0.0,0.21903015913276644,0.0017970535406620185,0.013136941903686274,0.013685614473793857,0.0,0.002059603840390667,0.2690247503826716,0.01264240361143855,0.000889711599085184,0.012151776614538716,0.26780676635977385,0.0022676519783948602,0.007256716672030178,0.012238316408762712,0.006063580657693455,0.006033276985663983,0.22283734562832516,0.012321606780437496,0.2500394784662123,0.011636186699397196,0.002253764190149336,0.0024905366109637265,0.013591627396789485,0.000663639694703622,0.010640665237708086,0.2760148977568097,0.011188565974591995,0.009766483552562488,0.000660759454533464,0.0004955698048915574,0.0006066937805295809,0.00481378371942867,0.0006321293119649666,0.24734759258808048,0.3144487583031353,0.0009530023926689375,0.3066174329241316,0.27046019632424895,0.001307082820769009,0.0008621226341306476,0.0006565564011382545,0.004939440880441356,0.0007975198634469635,0.0010881116950910803,0.000982673734750303,0.000704223237826398,0.00807803865726948,0.008249309349063975,0.25446142722491594,0.0003204717358119315,0.0006206165532653178,0.0016674368428911796,0.006766835554357818,0.24444235168743048,0.2558873511875305,0.0070130946952332,0.19675820894164575,0.0,0.0006819860726706595,0.0028421310932459443,0.0,0.0017993404900929495,0.31274436179315446,0.3115024147941904,0.0015472092890310956,0.2617968214900466,0.269558279784986,0.007350034353008421,0.0015389958484493477,0.006531847112862525,0.24201938525874664,0.007781648688925564,0.0016957225739250065,0.0030079809499097437,0.00021044032405531253,0.0,0.0015977057571713,0.0,0.0016853171387990497,0.001505545070766244,0.001608996936589429,0.00156242151515555,9.724913591176249e-05,0.0,0.00033503182152604816,0.004287576323686037,0.0048306491188441665,0.00431595816914768,0.0010973909256813722,0.0031282850850654917,0.20694671152104696,0.0013510360952361871,0.0008274900689915992,0.0008746716734567841
0.0019089806049970542,0.003996037266084191,0.003528512762938465,0.0004106877317594082,0.0039873420086351,0.0005412208556947548,0.004002797164098905,0.0,0.004352514415994221,0.00600940148981526,0.2737968930482589,0.2750436078377487,0.00044014826676132106,0.0049889784739499,0.23788785099139387,0.0019079955511984643,0.21964273403914425,0.0,0.007632382853968123,0.004324786912709971,0.2869489537605257,0.29463772959460477,0.0,0.004956640151638093,0.01286188054227705,0.275386670302653,0.002141178875723627,0.2719442728265925,0.012428103681999574,0.005457328553010231,0.22428651333796645,0.27526396143943427,0.014592605995975736,0.014519677214926818,0.007344002563274201,0.2712673990483762,0.010410794050435776,0.2675625674534009,0.005423906218343119,0.005993722444548321,0.28690966492567427,0.00159711449963352,0.25851987448132036,0.013694808429753716,0.2638339707814211,0.2502865693441776,0.0015901829170671088,0.0011926377027919243,0.0014600685303401,0.21123725736164842,0.0015212816500277057,0.015372853707291535,0.032698533706603534,0.002293494424254925,0.03125927416494671,0.021270882053320422,0.0031456239612134124,0.0020747833054911256,0.0015800678537672547,0.20580384047723224,0.0019193103544322076,0.0026186483107025144,0.0023649014408031136,0.001694782806223943,0.2558271983796082,0.2585133014807807,0.016808464543185086,0.0007712468980875822,0.0014935750586397352,0.0040128515220807645,0.23962272018264008,0.014921682957388613,0.016810443313427677,0.24200919781685482,0.004098613816277291,0.0,0.0016412668710193198,0.18365517505940554,0.0,0.004330290682489297,0.042984667703184064,0.04277954499074075,0.0037235120340153847,0.021926263439189134,0.023223791341734405,0.24919101904635088,0.0037037455776842195,0.23784184227539387,0.016250080654446466,0.2553284313520341,0.004080923928730632,0.19003056294679554,0.0005064454334763918,0.0,0.003845036774157731,0.0,0.004055882220937544,0.0036232429759138983,0.003872210113110444,0.003760121759306035,0.00023403965477211396,0.0,0.0008062871830426711,0.2212219674136705,0.23343181994225698,0.22166095053505125,0.0026409796960001,0.19460545943288993,0.004565470549607486,0.0032514018592477547,0.001991436615435494,0.0021049838086017706
5.398819809087984e-05,0.00011301259475091624,9.979045649445638e-05,1.1614728068835072e-05,0.00011276668272835089,1.5306357063910027e-05,0.00011320377255132823,0.0,0.00012309418433534516,0.00016995288332972617,0.0007324826432545893,0.0007391520258942766,1.2447906360632873e-05,0.00014109413024820033,0.0005370375311255269,5.39603396205165e-05,0.00039428534296447493,0.0,0.0002158526893080201,0.0001223100182018826,0.0008941189380284232,0.0009314623730003221,0.0,0.00014017956477470803,0.0003637489834731754,0.000860459958950892,6.0555036016593196e-05,0.000827067188194019,0.0003514812679193363,0.0001543396167544539,0.0004939024509614463,0.0008329572095913914,0.0004126959179735165,0.00041063340698336355,0.00020769695832849414,0.000838626070671531,0.00029442939860520345,0.0007919754057408177,0.00015339439414719194,0.0001695094616419775,0.0009250654789517942,4.5168260879300006e-05,0.0007242188000835907,0.0003873051556347975,0.0007615097029892489,0.0006647207520830167,4.497222763951793e-05,3.3729185294201344e-05,4.129244102109813e-05,0.0003276329619685943,4.3023619443133646e-05,0.00043476223330862594,0.0009247526718775365,6.486269738565223e-05,0.0008840487333274237,0.0006015653542295548,8.8961914590887e-05,5.8677291848482726e-05,4.4686161851471264e-05,0.0003361853669486911,5.428033545323664e-05,7.405842854478519e-05,6.688217110078105e-05,4.793043450725712e-05,0.0005498027926547817,0.0005614597193722335,0.0004753629822040053,2.181176183871876e-05,4.224004472248888e-05,0.0001134881215221771,0.00046056044580494303,0.0004220025982684329,0.0004754189441344482,0.00047732119295093676,0.00011591357923279512,0.0,4.6416941440180964e-05,0.0001934394818414745,0.0,0.0001224656712306849,0.001215656538759715,0.0012098554292024253,0.00010530526332220524,0.0006201003042404327,0.000656795906724653,0.000500253784964996,0.00010474624488211829,0.00044456679847825685,0.0004595712345471332,0.0005296300701383203,0.00011541328857998574,0.0002047274588150797,1.4322867562495293e-05,0.0,0.00010874212471648728,0.14202149563922786,0.00011470507987564991,0.00010246953740807144,0.00010951061843629232,0.00010634062905398403,6.618914414260122e-06,0.0,2.2802741967256582e-05,0.0002918185386946293,0.00032878084502428295,0.00029375024743700644,7.468998616770384e-05,0.00021291552924688266,0.0001291168321800039,9.195343692367872e-05,5.6320150240462286e-05,5.9531397301473563e-05
0.0002546872227260176,0.0005331325161421537,0.000470757593656899,0.19230153648008502,0.0005319724357490892,7.220714357048614e-05,0.0005340343899730201,0.0,0.0005806920225290783,0.000801746110819707,0.00345545835390713,0.0034869209068699057,0.1953587037218781,0.000665606066632692,0.0025334536461423993,0.00025455580147661246,0.0018600257558542446,0.0,0.0010182766586367788,0.0005769927493221599,0.004217971281980311,0.0043941374826753695,0.0,0.0006612916396156471,0.0017159716687385623,0.004059186358530577,0.27481018339401236,0.0039016572624700177,0.0016580991981971186,0.0007280911335773979,0.0023299655847227405,0.003929443209112811,0.001946876926733273,0.0019371471114310527,0.0009798023152445526,0.003956185840568853,0.0013889592257445317,0.003736113144874785,0.0007236320827252809,0.0007996542862702183,0.004363960384033375,0.2410923730609915,0.003416473995460455,0.00182709699386611,0.0035923923781781024,0.003135794270284642,0.00021215473311464266,0.00015911611854374042,0.00019479548299682807,0.0015455957432922054,0.00020296224980777513,0.002050973910282071,0.004362484728838182,0.0003059872498034074,0.004170465483337751,0.0028378611395589457,0.00041967436878338223,0.00027680783998046773,0.00021080522889611148,0.0015859413808395524,0.0002560653693599897,0.00034936775355558426,0.00031551403843614823,0.2453627232042636,0.0025936732704533376,0.0026486643684372115,0.002242506362603487,0.00010289613733937614,0.00019926576656780122,0.0005353757951732562,0.0021726759734056163,0.001990780828714243,0.0022427703608317467,0.0022517441455687315,0.0005468177974997066,0.0,0.00021897011422637077,0.000912543224962487,0.0,0.0005777270364259419,0.005734812395928761,0.005707445887430212,0.0004967734801746434,0.002925299044667202,0.0030984091208218416,0.00235992775562621,0.0004941363324461954,0.002097226564776783,0.0021680094078070228,0.002498509237308691,0.0005444576958214598,0.0009657938168930297,6.756757013493881e-05,0.0,0.0005129867400046993,0.0,0.0005411167488294144,0.000483396053569903,0.0005166120792103174,0.0005016577777073848,3.122447107405663e-05,0.0,0.00010757104751676555,0.0013766425957575208,0.0015510108369201775,0.0013857553565480077,0.000352347102055081,0.0010044207203923929,0.0006091036292737767,0.0004337867589279663,0.00026568811620846655,0.0002808370492045135
1.2621437592704529e-05,2.642024483642203e-05,2.3329154584343193e-05,2.715307616495531e-06,2.636275517468373e-05,3.5783418836945337e-06,2.6464938654003207e-05,0.0,2.8777133161550704e-05,3.973182633425754e-05,0.0001712408321910413,0.00017280000993257264,2.910089220353107e-06,3.2985186070238844e-05,0.00012554939641865886,1.2614924799954394e-05,9.217658721573236e-05,0.0,5.0462348136394664e-05,2.8593809689647644e-05,0.000209028394646262,0.00021775859588768216,0.0,3.277137765550541e-05,8.503775374366409e-05,0.00020115955073437425,1.4156642285427883e-05,0.00019335294138160598,8.216978978592667e-05,3.608173470930021e-05,0.00011546521614224369,0.00019472991894550805,9.648063757746651e-05,9.59984608301955e-05,4.855568976991803e-05,0.00019605519333648231,6.883212278538446e-05,0.0001851491346625101,3.586075922631247e-05,3.962816258260297e-05,0.00021626312091582386,1.0559500150374289e-05,0.0001693088992029635,9.054474911254904e-05,0.00017802681942336208,0.0001553993610764476,1.0513671221284264e-05,7.885256820887388e-06,9.653405481711444e-06,7.659449896510073e-05,1.0058122830839806e-05,0.00010163933210241066,0.00021618999243393499,1.51636934755521e-05,0.00020667416789534363,0.00014063480250925685,2.079764268565334e-05,1.3717660588113652e-05,1.0446794355248447e-05,7.859389234255933e-05,1.2689733880001931e-05,1.7313484560427954e-05,1.5635808907571146e-05,1.1205245022370012e-05,0.00012853367738085793,0.00013125885025733327,0.0001111310328170279,5.099184647187335e-06,9.874937620264879e-06,2.6531414160077273e-05,0.0001076704748435981,9.865636650881204e-05,0.00011114411567657177,0.0001115888261053712,2.709844110690699e-05,0.0,1.0851418464555711e-05,4.522255667650647e-05,0.0,2.863019847569004e-05,0.0002841979114081763,0.00028284171978047045,2.4618413953494313e-05,0.00014496792943548617,0.0001535466794782574,0.00011695004002210871,2.4487725828973986e-05,0.00010393145726657698,0.00010743921563143782,0.00012381766967324974,2.6981482447867878e-05,4.786147595809501e-05,3.348420311867096e-06,0.0,2.5421888289305376e-05,0.0,2.681591641157717e-05,2.39554739236195e-05,2.5601547842094617e-05,2.4860463224101068e-05,1.5473792081449176e-06,0.0,5.330857388457493e-06,6.822175224904736e-05,7.686285269542363e-05,6.867334986114313e-05,1.7461130998089137e-05,4.9775694687634874e-05,3.0185116324579028e-05,2.1497005023454554e-05,1.3166604676732475e-05,1.3917334573423666e-05
0.00037414227811068395,0.0007831857915341337,0.0006915553777826138,8.049094011241226e-05,0.0007814816027004456,0.000106074207029967,0.000784510668086782,0.0,0.0008530519665034438,0.0011777862790202035,0.005076159874098536,0.005122379197999734,8.626492841335275e-05,0.000977792947085316,0.0037217105299201417,0.0003739492168133079,0.002732427116646092,0.0,0.001495875390730311,0.0008476176361504083,0.006196311568182735,0.006455104384519099,0.0,0.000971454939486733,0.002520807845966794,0.005963052308635883,0.0004196509594223701,0.005731637892796822,0.002435791653412988,0.0010695851659660418,0.003422781176287902,0.0057724561846024544,0.0028600137877851347,0.0028457204313151675,0.001439355560911186,0.005811741818756164,0.002040417903029039,0.0054884491979657005,0.0010630347021219366,0.0011747133333342094,0.006410773427073176,0.00031301944908833276,0.0050188908186515994,0.002684053892839502,0.0052773195838132225,0.004606564865772018,0.00031166092397523276,0.00023374579391494213,0.2207339621545094,0.0022705210973838455,0.0002981569224430251,0.003012935014663073,0.0064086056504940245,0.0004495033770792098,0.00612652429131288,0.00416889320301148,0.0006165127669957417,0.250407293546146,0.0003096784665231588,0.0023297899078966945,0.00037616681202992,0.0005132304864555941,0.26887894934443063,0.0003321615203232627,0.0038101747535490642,0.0038909581334739688,0.0032943012617666807,0.0001511571519799342,0.0002927266906253513,0.0007864812278663977,0.003191718569882084,0.0029245097830270274,0.003294689082158616,0.003307871809697257,0.0008032898324392746,0.0,0.00032167289940156804,0.0013405501752603514,0.0,0.0008486963233607669,0.008424591353208033,0.008384389227149288,0.0007297734043668882,0.00429734180227875,0.004551645090693362,0.0034667963991914293,0.000725899364482691,0.0030808813895777435,0.0031848632613773104,0.0036703762674929288,0.0007998227805431455,0.0014187767056782848,9.925855072786478e-05,0.0,0.0007535911126268078,0.0,0.0007949148408935945,0.0007101216102502264,0.000758916831973055,0.0007369485668517218,0.16026981237705357,0.0,0.00015802471889204777,0.0020223244472495796,0.002278476013395992,0.0020357113342929795,0.0005176072283390552,0.0014755206503368676,0.00089478936957561,0.0006372442420252584,0.00039030288210456445,0.0004125570660460351
0.0011520532391419383,0.002411573833737975,0.0021294268507789263,0.00024784648435441364,0.002406326321278613,0.0003266220925776642,0.0024156533735634365,0.0,0.0026267047020972012,0.0036266216815003926,0.01563043464344202,0.015772752485948914,0.00026562566172633916,0.0030108052412257257,0.011459834725961484,0.0011514587677175423,0.008413648215185515,0.0,0.0046060768591721386,0.00260997139433686,0.019079588783456815,0.019876459706017376,0.0,0.002991289344170398,0.007762033360317875,0.018361340402445723,0.001292182881744628,0.017648772636253147,0.007500252787147385,0.0032934504520892834,0.010539375985330349,0.017774459702490038,0.008806511161600744,0.008762499274725548,0.0044320418547677135,0.01789542743248589,0.006282823919975165,0.016899949688422553,0.0032732803629788214,0.0036171595136611037,0.019739956492914233,0.0009638447492693052,0.01545409263482592,0.008264698116694813,0.01624984257652008,0.01418446480234482,0.0009596615993058586,0.0007197465102723531,0.2974619528789096,0.006991354192822166,0.0009180802822060704,0.009277383888542792,0.01973328150808665,0.001384103994299584,0.01886470085693109,0.012836792843671516,0.0018983567796090816,0.3375920415336045,0.0009535572463290823,0.00717385381696574,0.0011582871533394633,0.0015803315448157996,0.36254158413127446,0.001022786725250867,0.01173223242422356,0.01198097938482176,0.01014376257741428,0.00046544081421997596,0.0009013595945937708,0.0024217210914072814,0.009827891505419068,0.009005106253834952,0.010144956748094453,0.010185548803176568,0.0024734778921661374,0.0,0.0009904903224813423,0.004127801806948157,0.0,0.0026132928716662593,0.02594087416669667,0.025817084388700322,0.0022471072197079913,0.013232309826131668,0.014015356662276256,0.010674906993410017,0.0022351783347402403,0.00948660333763494,0.009806782743244098,0.011301767042173195,0.0024628021984504237,0.004368675755249059,0.00030563542686491593,0.0,0.0023204463464389755,0.0,0.002447689744975959,0.002186595712744982,0.002336845220831325,0.0022692008714165456,0.21569951312905425,0.0,0.00048658732229726914,0.006227110824830568,0.007015848849788423,0.006268331524769249,0.0015938083421699822,0.0045434008506745815,0.0027552218818328662,0.001962192823695175,0.0012018147263271215,0.0012703394726447438
0.0005942102216316871,0.0012438503478310766,0.0010983235478702715,0.00012783516368441539,0.0012411437667152474,0.00016846633421640635,0.0012459545077617836,0.0,0.0013548113317720322,0.0018705521584607308,0.008061922590137332,0.008135327806029224,0.00013700537263627732,0.0015529241087947358,0.00591079535304107,0.0005939036029921641,0.004339622163989656,0.0,0.0023757391224209323,0.0013461805652630907,0.009840939892763516,0.01025195288367289,0.0,0.0015428581282301357,0.004003529877475374,0.00947047912309884,0.0006664867997958448,0.009102948321664483,0.0038685077386388374,0.0016987078865613446,0.0054360377865586154,0.009167775655113486,0.004542254447402307,0.004519553835862845,0.002285974713081787,0.009230168832102995,0.00324057783713357,0.008716717690409354,0.0016883044844324758,0.0018656717270206992,0.010181546758542876,0.0004971353602620174,0.007970968265751424,0.0042627961389162475,0.008381403073060912,0.007316114991530995,0.0004949777599164382,0.0003712334802392549,0.24549649738991122,0.00360602616552398,0.0004735307965208879,0.004785122899944439,0.010178103910522469,0.0007138982064983629,0.009730104214247536,0.006621007833248518,0.0009791413837677257,0.2785377518627977,0.0004918292344733348,0.0037001564873056537,0.0005974255726337842,0.0008151091682151399,0.29909729579626637,0.0005275366676160939,0.006051293631381765,0.006179593245987562,0.005231986860081153,0.0002400667607862262,0.0004649065392779336,0.0012490841374024025,0.005069065726473551,0.004644686548421655,0.0052326027937901354,0.005253539512014023,0.0012757794488732278,0.0,0.0005108787111991847,0.002129052671545979,0.0,0.0013478937289546546,0.013379878693274007,0.013316029950073794,0.0011590211577785776,0.006825009025052632,0.007228891778249023,0.005505942464235636,0.0011528684339810339,0.004893034870494775,0.005058178172127797,0.005829266626567797,0.0012702731006304928,0.0022532915151534014,0.00015764175522926642,0.0,0.0011968482800577098,0.0,0.0012624783442569515,0.001127810312010254,0.001205306551304311,0.001170416702040205,0.17817214689449742,0.0,0.0002509737838511529,0.0032118419337144586,0.003618660109034744,0.003233102896675356,0.0008220602799091428,0.002343411862156415,0.001421098391483862,0.001012066971419161,0.0006198763829898664,0.0006552203265796406
0.0006447159176647046,0.19958704863658902,0.19330046472217327,0.00013870068515196434,0.0013466364484851158,0.00018278535660610267,0.001351856084929518,0.0,0.0014699653409317374,0.20319958359719412,0.008747156530847925,0.008826800921675064,0.00014865032833269259,0.001684916979576663,0.006413191344470349,0.0006443832375620121,0.004708474179545291,0.0,0.2080729570504485,0.0014606009908290378,0.010677383798993018,0.011123331391208115,0.0,0.0016739954274716173,0.25536478527705764,0.01027543521854403,0.0007231357406842632,0.009876665642911142,0.25423036962083984,0.001843091845376403,0.0058980811208486535,0.009947003062653878,0.004928329466097155,0.004903699385584529,0.21171404148625553,0.010014699431538855,0.23743278876008203,0.009457606820301027,0.0018318041921079528,0.002024247001750166,0.011046941002891062,0.0005393900480452597,0.008648471421475333,0.26197115163524864,0.009093791686598759,0.007937958013500921,0.0005370490595598482,0.00040278696859688974,0.0004931058073232893,0.0039125252036976265,0.0005137791826992403,0.2345831011682766,0.2974604861929675,0.0007745769435906229,0.2900884014079182,0.25624488034138515,0.001062364821032279,0.0007007121074219521,0.0005336329209670664,0.00401465625863118,0.0006482045617446379,0.0008843904669624991,0.0007986930818484205,0.000572375355358164,0.0065656314627200825,0.006704836075423416,0.24127235318615414,0.0002604715576182397,0.0005044218951263347,0.0013552517216456983,0.0054999177775366314,0.23184344043863025,0.24262970371961076,0.0057000711602960535,0.18707470633942744,0.0,0.0005543015335577656,0.0023100143634739853,0.0,0.0014624597671699826,0.2952428971056006,0.2940724420056265,0.0012575337180806521,0.24795952449490047,0.25527329526943593,0.005973927440512825,0.0012508580352585392,0.005308924942479,0.22945995752642023,0.0063247329743670675,0.0013782416692680222,0.002444813054492816,0.00017104072798651343,0.0,0.0012985760074337997,0.0,0.0013697843871052532,0.0012236700645484704,0.0013077532008076115,0.001269897841935253,7.904170969645176e-05,0.0,0.0002723056377607603,0.0034848367535693565,0.003926232986209174,0.003507904820638501,0.0008919323977328637,0.0025425933014545095,0.19674705016096836,0.0010980889632374634,0.0006725636088867275,0.0007109116584419823
0.000421029954642891,0.0008813349829153054,0.0007782214049991022,9.057810049113738e-05,0.0008794172243797722,0.00011936747378599001,0.0008828258935862022,0.0,0.0009599568179747977,0.0013253869788225233,0.005712306484966422,0.005764318035075148,9.707568757145755e-05,0.0011003303936682623,0.004188116947164922,0.00042081269881794655,0.0030748560969796972,0.0,0.0016833391593459035,0.0009538414549273315,0.006972836087060489,0.007264060934127283,0.0,0.0010931981041413137,0.002836716605271923,0.006710344673465172,0.00047224180411703336,0.006449929300210811,0.0027410461456927695,0.001203626054204357,0.0038517256341148204,0.006495862958481963,0.003218431986435356,0.003202347380181731,0.0016197362393408816,0.006540071885763258,0.0022961239812377345,0.006176264090089541,0.001196254683320798,0.0013219289302177847,0.00721417440139705,0.00035224718552928527,0.005647860446045015,0.0030204207192724114,0.00593867561888209,0.0051838616215453695,0.00035071840944538984,0.0002630389206665932,0.00032202138958114433,0.002555063810148831,0.00033552208044105073,0.0033905173694117946,0.00721173495809381,0.0005058353400186926,0.006894303037645325,0.004691340751540844,0.0006937744208853904,0.00045759811216421637,0.0003484875095445739,0.0026217602143295458,0.00042330820405242937,0.0005775487590574363,0.0005215843176980722,0.00037378814963660617,0.004287667546605558,0.004378574735596428,0.0037071445596194405,0.00017010023342839889,0.00032941132955921834,0.0008850434047929603,0.003591706159208189,0.003291010648457908,0.0037075809818352063,0.003722415774646358,0.0009039584711593317,0.1609102372557235,0.00036198509008068716,0.0015085485188589495,0.0,0.0009550553236981756,0.009480364884817283,0.0094351246104582,0.0008212289316560004,0.004835886586340737,0.005122059275851829,0.003901256864309517,0.000816869395372197,0.003466978814220792,0.0035839917403956384,0.004130349452161427,0.0009000569267790945,0.0015965784328265703,0.00011169767640776717,0.0,0.000848031485697768,0.0,0.0008945339219519604,0.0007991143659689284,0.0008540246265588171,0.0008293032886915108,5.16179708559653e-05,0.0,0.00017782844687734464,0.002275763045540685,0.002564015639770157,0.002290827583216444,0.0005824739961784123,0.0016604335538423093,0.0010069247709447841,0.0007171039735770418,0.0004392158127097849,0.0004642589008708083
0.0011544398579578323,0.23078972348871404,0.22344663284027533,0.00024835992857983333,0.0024113113197842566,0.0003272987300848104,0.0024206576941956303,0.0,0.0026321462413011467,0.23538565723211394,0.015662814995454584,0.015805427666732604,0.00026617593768644374,0.0030170424915502447,0.011483575171502345,0.0011538441550133659,0.008431078113786064,0.0,0.24134990467957385,0.002615378268452598,0.019119114479008898,0.019917636216890317,0.0,0.002997486164933558,0.2969588064843814,0.01839937815886239,0.0012948597962086199,0.017685334221620913,0.2955583852172334,0.0033002732364460423,0.01056120958830959,0.017811281663947225,0.008824754923717426,0.00878065186084986,0.24548230391326015,0.017932499993351787,0.2757721894391679,0.016934959995710163,0.003280061362535579,0.003624652900825941,0.019780850220730145,0.0009658414712401753,0.015486107672856906,0.30474909991066157,0.01628350610762331,0.01421384965144769,0.0009616496553713055,0.0007212375529652841,0.0008829640816477163,0.007005837635859569,0.0009199821975009277,0.2735594798683421,0.3497320439969433,0.0013869713345610554,0.34092885977291437,0.2997862860320248,0.0019022894572454639,0.0012547076372670383,0.0009555326564827104,0.007188715330236419,0.00116068668646905,0.001583605394384608,0.0014301541232312465,0.0010249055527149068,0.011756537174824278,0.012005799445094284,0.28157524147939467,0.0004664050316425403,0.0009032268709445983,0.002426737982057149,0.009848251181509095,0.2703060358800859,0.28313936058704614,0.010206649409987044,0.216397402064274,0.0,0.00099254224400743,0.004136353051913261,0.0,0.00261870662662745,0.3493957821236392,0.3480031572798311,0.002251762376422694,0.29038275442360545,0.2990881921736614,0.01069702136540498,0.002239808779314611,0.009506255993654018,0.2678467199433355,0.011325180031225499,0.002467904193624731,0.004377725999980616,0.0003062685879340198,0.0,0.0023252534341008345,0.0,0.0024527604328594306,0.0021911255124916307,0.0023416862807618733,0.002273901797825815,0.00014153349966174023,0.0,0.000487595347290832,0.006240011044506408,0.007030383036495665,0.006281317138153245,0.0015971101105684501,0.00455281305975482,0.22764080528296995,0.001966257745483799,0.0012043044321337793,0.0012729711358222592
0.0002112989318740648,0.00044230853044934415,0.00039055974479848283,4.545770597532041e-05,0.0004413460803298646,5.9905998215443094e-05,0.00044305676184904896,0.0,0.0004817658412341319,0.0006651613498201759,0.002866789513431306,0.002892892133593829,4.8718597972885946e-05,0.0005522140036042653,0.0021018567152786285,0.00021118989943290953,0.0015431534070048287,0.0,0.0008448039443019268,0.0004786967729512166,0.003499401410948259,0.0036455560929176084,0.0,0.0005486345785722884,0.001423640247240306,0.0033676669471478238,0.0002370002126828372,0.0032369743690890845,0.0013756268797873378,0.0006040541696015168,0.0019330347007037074,0.0032600267263447453,0.0016152086889397715,0.0016071364363992396,0.0008128840561492381,0.003282213506669576,0.0011523373558954217,0.003099632201502073,0.0006003547587235792,0.0006634258866577759,0.0036205199382104243,0.0001767794743276949,0.002834446495939457,0.0015158343598945894,0.0029803955779836677,0.002601583121430262,0.00017601223971638153,0.00013200923679005142,0.0001616102961529432,0.0012822894143302542,0.0001683857797659317,0.0017015718020938033,0.0036192956743340454,0.0002538595315403618,0.003459988658303828,0.0023544056163382295,0.00034817901310363705,0.000229651100264108,0.00017489263584743547,0.0013157618046146442,0.0002124422986617948,0.0002898497708970276,0.00026176334485593437,0.0001875900654916301,0.0021518173774530596,0.002197440240438514,0.0018604749546020552,8.536684204674948e-05,0.00016531902615365054,0.0004441696464413207,0.0018025408089785287,0.0016516331608641534,0.0018606939783247635,0.0018681389970009949,0.0004536623993332882,0.0,0.00018166655850712827,0.0007570831652238609,0.0,0.000479305967550998,0.004757834809253295,0.004735130435029205,0.00041214358781235035,0.0024269476769760955,0.0025705668730888987,0.0019578925425725226,0.00040995570224725984,0.001739944895123234,0.0017986692353834774,0.002072865405143387,0.00045170436249739927,0.0008012620332336223,5.605681842232464e-05,0.0,0.00042559477098369004,0.0,0.00044893257629112173,0.0004010451278167887,0.00042860250059662127,0.0004161958007210976,2.5905097694588063e-05,0.0,8.924533864550589e-05,0.0011421189761404897,0.0012867819973791472,0.0011496792950322038,0.00029232156021133284,0.0008333084914880207,0.000505337271688022,0.0003598872288979901,0.00022042572283602208,0.00023299389695498825
0.0003061262455279879,0.0006408089647711039,0.0005658362172923208,6.585833982745312e-05,0.0006394145836496703,8.679077625072874e-05,0.0006418929895086938,0.0,0.0006979740356119595,0.0009636742830869563,0.004153355166929033,0.004191172192495256,7.058266387127722e-05,0.28231144699393745,0.003045133731530291,0.0003059682812091172,0.002235694021594316,0.0,0.0012239373733820907,0.0006935276224550875,0.005069872365315171,0.005281618745956032,0.0,0.2794519690995157,0.0020625454184972345,0.004879017747867763,0.0003433618175655185,0.004689672596500224,0.0019929844804310957,0.0008751432550820944,0.0028005473106434394,0.004723070453813817,0.002340086470404002,0.0023283915302485096,0.001177692390356432,0.004755214278209688,0.0016694864721425165,0.004490693634594507,0.0008697836124531223,0.0009611599740109678,0.0052453467971345594,0.0002561150512327362,0.0041064971614199145,0.0021961146576614968,0.004317945672437847,0.003769128723599491,0.0002550034949701592,0.00019125270381224174,0.00023413820770969618,0.0018577587714601442,0.0002439544114248991,0.0024652078581340136,0.005243573104760981,0.00036778730773831916,0.005012771849539001,0.0034110222204492674,0.0005044357446945483,0.0003327145503372605,0.0002533814322089364,0.0019062529927783805,0.00030778273559580225,0.00041992934533497024,0.00037923821605191356,0.0002717772491227188,0.0031175158765790224,0.0031836134930321855,0.0026954240028559608,0.17878315380811088,0.0002395113517228908,0.0006435053174978436,0.0026114900126066776,0.0023928576166500053,0.0026957413206451218,0.0027065275352039296,0.0006572582540449859,0.0,0.00026319537444194596,0.00109684902269434,0.0,0.0006944102130766914,0.006893068952507349,0.006860175247003783,0.0005971065165186266,0.003516119905842057,0.003724192918335865,0.0028365609229023254,0.0005939367456743271,0.0025208021330042595,0.002605880943604641,0.003003131621789724,0.0006544214840724175,0.0011608546041497415,8.121415100242017e-05,0.0,0.0006165943585329237,0.0,0.0006504057680571575,0.0005810272592339339,0.0006209519052834143,0.000602977292640553,3.753085842386765e-05,0.0,0.00012929710627550937,0.0016546822599204634,0.001864267548240426,0.0016656355194414074,0.0004235104310310186,0.001207282959754186,0.000732123917216066,0.0005213984056562846,0.00031934898274735046,0.0003375575364871026
0.0011194509470158855,0.0023433279993096724,0.0020691655764806458,0.00024083260408325877,0.002338228987742736,0.00031737891829088316,0.0023472920910424487,0.0,0.002552370816199331,0.0035239908520614542,0.015188104394292924,0.015326394742480534,0.00025810864330605486,0.002925601581642943,0.011135529505718065,0.0011188732987124886,0.008175547919437353,0.0,0.0044757281407139275,0.002536111049217577,0.0185396499108171,0.019313969949684623,0.0,0.0029066379706758644,0.00754237330424813,0.017841727451162057,0.001255615019809445,0.017149324848942576,0.007288000936210409,0.0032002481328790456,0.010241119096650474,0.0172714550600701,0.008557293122236787,0.008514526740642226,0.004306618203885353,0.017388999488835453,0.006105024445214652,0.01642169306109176,0.0031806488430294556,0.0035147964568819365,0.0191813296809998,0.000936568624336707,0.015016752739840733,0.008030813003421042,0.015789983520807804,0.013783054477347864,0.0009325038545595938,0.0006993781929174335,0.0008562030932733543,0.006793503812295605,0.0008920992593342936,0.009014840483929755,0.01917484359352338,0.001344934829870516,0.01833084316067883,0.012473520682254116,0.0018446346249503397,0.0012166797976391032,0.0009265722504560698,0.006970838826109486,0.0011255084458492146,0.001535609279446818,0.001386808829055841,0.0009938425840720154,0.01140021854171395,0.011641926139199973,0.009856701268466005,0.0004522691682603765,0.0008758517553593151,0.0023531880967614014,0.009549769124476436,0.008750268113774393,0.00985786164496025,0.009897304973583536,0.0024034802166526376,0.0,0.0009624601466661892,0.004010987934310808,0.0,0.0025393385310869543,0.025206765768878408,0.02508647915407568,0.002183515674173127,0.0128578448137549,0.013618731978077907,0.010372814673026618,0.002171924368215828,0.009218139170538011,0.00952925772534639,0.010981935025621633,0.0023931066375209925,0.004245045320181045,0.00029698616037950385,0.0,0.002254779355470935,0.0,0.0023784218557948256,0.0021247166000734337,0.002270714153312555,0.0022049840911593085,0.00013724388424277262,0.0,0.000472817245110398,0.006050887991271554,0.006817305287788291,0.006090942174546439,0.0015487046929644407,0.004414825818942737,0.0026772510506145875,0.0019066641541230975,0.0011678042192968285,0.0012343897637430384
0.00038780508589166766,0.0008117859192196849,0.0007168093753908563,8.343028246211921e-05,0.0008100194973644447,0.00010994779092026976,0.0008131591771895941,0.0,0.000884203444770967,0.0012207963008188426,0.005261529453221145,0.005309436599576991,8.941512341698526e-05,0.30432234289487037,0.003857618762059893,0.00038760497444371994,0.0028322090142140527,0.0,0.0015505012887471242,0.0008785706652840711,0.006422586487806019,0.006690829817253483,0.0,0.3012404734562153,0.0026128618988425054,0.006180809141390137,0.0004349756386397161,0.005940944008093206,0.0025247411122209036,0.0011086439342019654,0.00354777320211332,0.005983252889194718,0.0029644548545119257,0.002949639537832114,0.0014919174859000582,0.006023973143543471,0.0021149292299572314,0.005688874626458217,0.0011018542626189483,0.001217611138287319,0.00664487999611381,0.0003244501929919611,0.005202169064764953,0.0027820693125264967,0.005470035048733579,0.004774785924908931,0.00032304205769425524,0.0002422816478900668,0.000296609614751501,0.002353435259004059,0.0003090449213627934,0.003122960409734194,0.006642633057364422,0.0004659181973153752,0.006350250741529696,0.004321131508663066,0.0006390263825981287,0.00042148752893894664,0.000320987205496422,0.0024148684289406384,0.00038990355109160343,0.0005319724728442833,0.0004804243709837977,0.00034429128824826986,0.003949313493850146,0.00403304689534809,0.003414601499257768,0.19264975985011107,0.000303416390080259,0.0008152016972395802,0.00330827272551374,0.0030313060938339147,0.0034150034819504568,0.003428667612107641,0.0008326241130462627,0.0,0.00033341964722987733,0.0013895039568480288,0.0,0.0008796887436482051,0.008732237879747244,0.008690567665335852,0.0007564230356191716,0.004454270752704267,0.004717860607088449,0.003593395758817787,0.0007524075247883043,0.003193388028587832,0.0033011670770504557,0.0038044098914925277,0.0008290304524603517,0.0014705871386283009,0.00010288324266608152,0.0,0.0007811105113145762,0.0,0.0008239432862439153,0.0007360536035843271,0.0007866307135727538,0.0007638602183876326,4.75446257459991e-05,0.0,0.00016379541492182742,0.0020961750431594635,0.002361680670089193,0.0021100507882527565,0.000536509043184883,0.0015294032404686911,0.0009274650009496256,0.0006605149229873127,0.00040455583764192573,0.00042762269273900706
0.0032654849638610946,0.0068355852192886184,0.006035842031085117,0.0007025187209299249,0.006820711190509802,0.0009258075025869535,0.006847148639716508,0.0,0.007445371809023543,0.010279627857626367,0.3290932891662073,0.33065801949113494,0.0007529136457522223,0.00853410147230658,0.2839579764007155,0.003263799939739069,0.260162019103435,0.0,0.013055885105811519,0.0073979413925891815,0.34741334986013983,0.3569881529084316,0.0,0.008478783830529971,0.02200141657167232,0.3334617699503214,0.0036626812264670887,0.3288437675188396,0.02125940179624765,0.009335256883205587,0.267475658577991,0.3327744911282193,0.024961979885322876,0.024837228571807913,0.012562584387789644,0.32829576423199763,0.017808610178941555,0.32311292035469696,0.009278084939694536,0.010252807424546612,0.34798292914036144,0.0027320096236000467,0.3113785895151324,0.023426215485509275,0.3182242691035894,0.30073814594520376,0.0027201525211302106,0.00204011527178762,0.002497580027555973,0.24918166932608463,0.002602290636667275,0.026296664566099238,0.055933816131873995,0.003923230826703589,0.053471831772226155,0.036385778530886516,0.005380875908542513,0.0035491055643080962,0.0027028497852995205,0.2431095329319565,0.003283154939853853,0.004479436125152516,0.004045379023621829,0.0028990801458368557,0.30482062851360836,0.3081380287497262,0.028752407482656377,0.0013192879710443126,0.002554895991933625,0.006864347533579078,0.2844319057605833,0.025524895960339015,0.02875579234914334,0.28750647132263885,0.007011051738656858,0.0,0.002807536270912086,0.21482922524912715,0.0,0.007407356091414246,0.07352918394973933,0.0731783028923432,0.006369406021205664,0.03750686800426651,0.03972640750344245,0.29621262092174366,0.006335593699713617,0.282068302935494,0.02779724105091513,0.30384692844639305,0.00698079157695338,0.22237762188176696,0.0008663209797439621,0.0,0.006577285142990957,0.0,0.0069379554580039915,0.006197886676947358,0.006623767610929987,0.006432030286300222,0.0004003461175063945,0.0,0.0013792275656901289,0.25994089698358697,0.274702033911157,0.260483580715598,0.004517635990945057,0.22779600166072386,0.007809652645851204,0.005561818624584675,0.003406533469834314,0.0036007662718871582
0.0033239772489796816,0.006958026144304015,0.006143957731178723,0.000715102433848692,0.006942885687738268,0.0009423908269646635,0.006969796691970927,0.0,0.007578735402942034,0.010463759443046474,0.33123329536168505,0.33281074197758864,0.0007664000467384151,0.00868696669816843,0.2857287323815911,0.0033222620422316555,0.2617064331817897,0.0,0.013289745791907493,0.0075304553995482835,0.3497688686861702,0.35941871931459507,0.0,0.008630658191233759,0.022395512133392935,0.3357244870697373,0.0037282882027563635,0.33105802216133945,0.021640206180612777,0.009502472630119352,0.26913409123937354,0.3350120264004348,0.02540910588980163,0.025282119995671617,0.012787608932679306,0.3305166458813636,0.018127603013292498,0.32527209634767085,0.00944427660667603,0.010436458594825913,0.350365819670895,0.002780946148379321,0.31342825467017316,0.023845832446111565,0.32033603729871396,0.3026900578350263,0.0027688766581551337,0.0020766583903359557,0.002542317383475553,0.25062101779343937,0.002648903598468023,0.02676769781797169,0.05693571837829806,0.003993504840714125,0.05442963426234577,0.037037530829746874,0.005477259671234246,0.003612678141392642,0.0027512639908537006,0.24452699404818964,0.0033419637345522553,0.004559673044906423,0.004117840990490806,0.0029510092848004676,0.3067001980424282,0.31004257818217024,0.02926742869234915,0.0013429194282428179,0.0026006600075277504,0.006987303657257697,0.28614391435623027,0.025982105075878486,0.029270874189516655,0.2892463818895498,0.007136635669318657,0.0,0.002857825650240539,0.21599914854594865,0.0,0.007540038737106665,0.07484625937336639,0.07448909323578183,0.00648349661330807,0.03817870157309016,0.04043799808804005,0.29801198009883495,0.006449078636003451,0.28375638256019137,0.028295153050833743,0.30570580745656273,0.007105833479087817,0.22359223400258013,0.0008818387647934099,0.0,0.006695099324390587,0.0,0.007062230067527774,0.006308904966314109,0.0067424143993689315,0.006547242621852616,0.00040751722976397947,0.0,0.0014039326777664607,0.2614025516752205,0.27626295199969236,0.2619493415624653,0.004598557157439085,0.22904276031627038,0.007949541340576087,0.0056614434840978585,0.0034675522554630067,0.0036652642100958787
0.0014538595201252526,0.24920918426779257,0.24124268651292086,0.00031277545044413,0.0030367176722879393,0.0004121881026357355,0.0030484881558891105,0.0,0.003314829131113861,0.2543841207836807,0.019725178870196258,0.019904780075403115,0.0003352122835729717,0.003799553453327626,0.014461996415903804,0.0014531093135285126,0.010617792772965092,0.0,0.26099113960005343,0.0032937121566859458,0.02407791658444882,0.0250835457843099,0.0,0.003774924927697331,0.32150640863908864,0.02317150687084454,0.0016306992772022848,0.022272265936992344,0.3199492804342961,0.0041562439400779205,0.013300402786823073,0.02243087955969368,0.011113575012313382,0.011058033220876869,0.2654138519678738,0.022583537509784084,0.2984001664393328,0.021327271960496413,0.004130789842056495,0.00456475587765776,0.0249112824815779,0.0012163455793862577,0.019502640102616844,0.3299950475113659,0.020506854655438073,0.017900404677591308,0.001211066559118932,0.0009083003115513709,0.001111972812774342,0.008822896812800683,0.0011585920799274145,0.296559560822942,0.38056795970376534,0.0017467011945165103,0.37092098102017834,0.325476916680489,0.002395674073782054,0.0015801331103046303,0.0012033630334588668,0.009053206321915057,0.0014617265484845197,0.0019943349693595422,0.0018010840261390884,0.0012907287328762934,0.014805754823434924,0.015119666650146408,0.3053573679409853,0.000587373513495404,0.0011374910317794246,0.003056145449018444,0.012402528930480453,0.2930031311066491,0.3070435656494386,0.012853882608956549,0.23370680431863142,0.0,0.001249971560345582,0.005209172415236285,0.0,0.003297903769774786,0.38133421910738097,0.37981058546222113,0.002835787542724963,0.3154126666460169,0.32493873085060715,0.013471439193539452,0.002820733617797187,0.011971832644075654,0.2904979763182798,0.014262519343931912,0.003107988676868263,0.005513148716842154,0.000385703507388305,0.0,0.0029283395047114834,0.0,0.003088917175995035,0.0027594236842796516,0.0029490344334219083,0.0028636691238702367,0.00017824213576951987,0.0,0.000614059825413138,0.007858442689938495,0.008853808396582272,0.007910462080185355,0.0020113423171699333,0.0057336469844208185,0.24587741708025448,0.0024762334066917267,0.0015166571491077921,0.0016031334953504758
0.00025329791262361203,0.0005302242964730655,0.0004681896270598654,5.449313886295062e-05,0.0005290705442789283,7.181325606818198e-05,0.0005311212506129833,0.17606584621044757,0.0005775243673768058,0.0007973726131648031,0.0034366089465904183,0.0034678998724012268,5.8402184351011474e-05,0.0006619752082696476,0.002519633743020096,0.00025316720827263427,0.0018498793788759103,0.0,0.001012721994238047,0.0005738452735789011,0.0041949623926807655,0.004370167612767103,0.0,0.0006576843163046431,0.001706611101885999,0.004037043635565944,0.00028410772658185476,0.0038803738553447767,0.0016490543236950157,0.0007241194213080342,0.0023172557020263666,0.003908008230597526,0.0019362567795837603,0.0019265800400917403,0.000974457527075127,0.003934604981912238,0.0013813825006010313,0.0037157327752577003,0.0007196846944260391,0.000795292199446796,0.004340155129167652,0.00021191717082882526,0.0033978372464877533,0.001817130242159905,0.003572796000435286,0.003118688619627567,0.00021099743629058318,0.0001582481455508973,0.0001937328802893432,0.0015371645712946175,0.00020185509766623146,0.00203978591764221,0.004338687523621159,0.00030431809980518976,0.0041477157365474755,0.0028223807039555668,0.0004173850594335421,0.00027529786266635776,0.0002096552935714786,0.0015772901247669464,0.00025466854151475935,0.0003474619643908421,0.0003137929201312786,0.00022487653674594266,0.0025795248713369164,0.0026342159947592356,0.002230273566977044,0.0001023348424240914,0.00019817877861609673,0.0005324553384936614,0.002160824100167539,0.0019799211872787424,0.0022305361251039823,0.002239460958151683,0.0005438349250881653,0.0,0.00021777563973109193,0.0009075653328336537,0.0,0.0005745755551716076,0.005703529190152726,0.00567631196502347,0.0004940635978050975,0.0029093416382774597,0.003081507404878382,0.002347054430310766,0.0004914408356274496,0.0020857862654861804,0.0021561829905249233,0.0024848799547432234,0.0005414876976839759,0.0009605254446037226,6.71989913472842e-05,0.0,0.000510188414856463,0.0,0.0005381649754436785,0.000480759144605647,0.0005137939779605197,0.0004989212516615963,3.105414265066286e-05,0.0,0.00010698425112611123,0.0013691330574099874,0.001542550125771774,0.0013781961084015626,0.0003504250606460186,0.0009989416396636046,0.000605780989776968,0.0004314204669718253,0.0002642387966077944,0.0002793050926916838
0.0004994683687774938,0.0010455288071762395,0.0009232050390151359,0.00010745291540513953,0.0010432537677951003,0.0001416057854305102,0.0010472974763946026,0.0,0.0011387979897472626,0.0015723082526821683,0.0067765164225030775,0.006838217790312954,0.00011516101119312185,0.001305323340492311,0.004968368442155358,0.0004992106379170271,0.0036477056847097956,0.0,0.00199694737808122,0.0011315433268138605,0.008271884286976472,0.008617364692130298,0.0,0.0012968622963875145,0.0033652005038951227,0.007960490390364639,0.0005602210507110721,0.007651559303040318,0.003251706516450161,0.0014278631134961512,0.004569307001164624,0.007706050460060564,0.0038180299443293284,0.0037989487555461204,0.0019214951534732632,0.007758495566521744,0.002723894788893163,0.007326909917448844,0.0014191184468750125,0.0015682059652398733,0.008558184235129631,0.0004178712826074357,0.006700064004856104,0.003583128927147959,0.00704505841295203,0.006149621611311726,0.00041605769360164417,0.00031204340494435704,0.2360216885720405,0.0030310754360930664,0.00039803026924500634,0.004022175052243547,0.008555290320447419,0.0006000731049253652,0.008178720430927837,0.005565343479038021,0.0008230254747386948,0.26777197266355474,0.00041341117422201586,0.0031101974648991186,0.0005021710589393271,0.0006851468248157204,0.28753170646714005,0.0004434253556274985,0.00508646544443542,0.005194308757944856,0.004397790289258571,0.00020179012248953737,0.0003907810777295399,0.0010499281127495032,0.004260845568551953,0.003904130103067924,0.004398308017486227,0.0044159065509987,0.0010723670799515932,0.0,0.0004294233711179196,0.0017895930197538172,0.0,0.0011329833408750874,0.011246568877626234,0.011192900282819612,0.0009742249223930186,0.005736818386048662,0.00607630541029141,0.004628065962317096,0.000969053198974564,0.004112881361122478,0.004251693943737897,0.00489983878962213,0.0010677386729087668,0.0018940230182567118,0.00013250709508054673,0.0,0.0010060208262204953,0.0,0.0010611867252828578,0.0009479903850919529,0.0010131304968192555,0.0009838035423771333,0.1713268005672984,0.0,0.00021095811189823202,0.0026997405850716946,0.0030416950029177846,0.002717611665208213,0.0006909896398542436,0.001969774429243305,0.001194516131879537,0.0008507013526630835,0.0005210422752497656,0.0005507509224730885
0.0014315600311779538,0.0029966607404230653,0.0026460603254435835,0.00030797805935949175,0.0029901400963723394,0.00040586590718858396,0.003001730042744614,0.0,0.0032639858449859914,0.004506498893494016,0.019422631476785426,0.019599477935034262,0.00033007075338449093,0.0037412754016559946,0.014240176408696686,0.0014308213313488764,0.010454935667923026,0.0,0.005723585775459219,0.003243192765495197,0.0237086063262592,0.0246988110529047,0.0,0.0037170246315980085,0.00964522848577482,0.02281609924431255,0.0016056873967523727,0.021930650986429254,0.00931993570176351,0.004092494922706517,0.01309639945580398,0.022086831772479356,0.010943113533937045,0.010888423649818336,0.0055073270576617515,0.022237148234810017,0.007807138855374641,0.021000151452100834,0.004067431242995551,0.0044947410503433744,0.02452918994741537,0.0011976891105678108,0.019203506038155113,0.01026984786087157,0.02019231781580353,0.017625845911263083,0.001192491060609152,0.000894368681653234,0.0010949172272071604,0.008687570058573933,0.0011408214418959332,0.011528227617869553,0.024520895503058776,0.001719910061369067,0.023441583105156982,0.015951206887971983,0.002358928909073823,0.0015558968203875255,0.0011849056926410333,0.00891434705008131,0.0014393063940193243,0.0019637455967339017,0.001773458761952227,0.0012709313654454596,0.014578662204463627,0.014887759210201502,0.0126048038217406,0.0005783643011259732,0.0011200440444056848,0.0030092698873026517,0.012212297307015228,0.01118989101502146,0.012606287717586775,0.012656728063279672,0.003073583726967912,0.0,0.0012307993317990696,0.005129273442130462,0.0,0.00324732008707,0.032234550773468484,0.032080727588543495,0.002792291859620425,0.01644268270220066,0.01741570939495998,0.013264812483570485,0.0027774688337773917,0.011788207097019722,0.01218606721693724,0.01404375894234701,0.003060317936890454,0.005428587315156353,0.0003797875361538911,0.0,0.002883424247415079,0.0,0.0030415389572113604,0.0027170992801011738,0.002903801754581225,0.00281974578939913,0.00017550823439767832,0.0,0.0006046412948740938,0.007737908860169186,0.008718007516409148,0.0077891303701519655,0.0019804920836019057,0.00564570355124387,0.003423683375949335,0.002438252612317112,0.0014933944618500464,0.0015785444224959454
0.00029286024277253345,0.0006130394624283321,0.0005413156643263731,6.300436395840018e-05,0.0006117055069125739,8.302969175140923e-05,0.000614076510876349,0.0,0.0006677272808337339,0.0009219133890716687,0.003973369223568211,0.004009547445625447,6.752395908172636e-05,0.000765368408271579,0.0029131726433735596,0.00029270912384872445,0.0021388100611887994,0.0,0.0011708979597251977,0.0006634735533091872,0.004850169083578996,0.005052739419662834,0.0,0.000760407326478342,0.001973164865196937,0.00466758516463567,0.0003284822086313491,0.004486445298951626,0.0019066183553594724,0.0008372188595004195,0.0026791853925377273,0.004518395857728683,0.0022386786557592984,0.0022274905166722995,0.0011266570063481124,0.004549146727194242,0.0015971391564086495,0.004296089104598448,0.0008320914773682942,0.0009195080377594053,0.005018039318339052,0.00024501628716072144,0.003928541813080853,0.0021009458718241917,0.004130827187743185,0.003605793260654474,0.00024395290026832278,0.000182964754207054,0.000223991811724351,0.001777252662163133,0.00023338262954913656,0.0023583778991987095,0.005016342489051401,0.0003518492184396946,0.004795543022739931,0.003263205328443321,0.00048257598560226306,0.0003182963414903149,0.00024240112971292773,0.001823645382930438,0.0002944449487247256,0.00040173167710596305,0.00036280390082212607,0.00025999976258440043,0.002982418102987149,0.0030456513745015634,0.0025786176108155375,0.00011831841204685325,0.00022913211015724728,0.0006156189685167157,0.002498320906039778,0.002289162960606583,0.0025789211776155985,0.002589239970794671,0.0006287759205744676,0.0,0.00025178978405701293,0.0010493169918085717,0.0,0.0006643178968030485,0.006594357316202585,0.006562889061780793,0.0005712308628980953,0.003363748598119132,0.003562804751727424,0.002713638352332346,0.0005681984543001533,0.00241156299218929,0.002492954906444312,0.0028729906980641483,0.0006260620822316513,0.001110548886811551,7.769472995728313e-05,0.0,0.0005898741978842099,0.0,0.0006222203875572655,0.0005558484013784196,0.0005940429100344548,0.0005768472285166826,3.5904455988470846e-05,0.18068593715896464,0.00012369400692293728,0.0015829764857825863,0.0017834793806358917,0.001593455085018406,0.0004051575761971212,0.0011549652663035996,0.0007003972748748609,0.0004988035684374242,0.00030550997172831455,0.00032292945648880364
0.21207796355088396,0.0007322526860024586,0.0006465812944701432,7.525635389876468e-05,0.0007306593260814633,9.917585820999787e-05,0.0007334914015470779,0.0,0.2657022720807465,0.00110119102730402,0.004746040776742762,0.0047892543084969265,8.065484106236406e-05,0.0009142039086983071,0.003479675654890736,0.00034963008956493075,0.0025547285421901734,0.0,0.0013985937751010752,0.26325593329172686,0.00579334538260985,0.006035308064937422,0.0,0.0009082780822365229,0.0023568715572450574,0.005575255727275898,0.0003923597000126969,0.005358890939495583,0.0022773842427097884,0.0010000265826488565,0.0032001866441243227,0.005397054685743019,0.0026740178393780986,0.002660654026116596,0.001345749612649677,0.005433785448023593,0.001907722926298006,0.005131517592174379,0.0009939021166584655,0.001098317925216582,0.005993860093059319,0.00029266278173529895,0.004692496113229781,0.002509501185609061,0.004934118419808167,0.004306985050888914,0.21659729108074932,0.00021854454879820655,0.0002675498329716217,0.0021228617655688264,0.00027876681327615286,0.0028169941041910965,0.005991833294003595,0.0004202707183804698,0.0057280965981079636,0.0038977765921708526,0.0005764189474162139,0.00038019306306612586,0.2160812739733853,0.002178276133606828,0.00035170346739096315,0.0004798534476848691,0.0004333556763488598,0.00031055998215561185,0.003562386763886355,0.0036379165392906006,0.003080062194060893,0.0001413269134121729,0.00027368972699970396,0.25399384244261614,0.0029841507864717433,0.0027343194514129225,0.0030804247932381887,0.003092750205360516,0.0007510492960934767,0.0,0.0003007534701818336,0.0012533698608507976,0.0,0.26163388586048686,0.007876712925008175,0.007839125273255887,0.0006823138791551,0.0040178717635126,0.004255636886442235,0.0032413394146986844,0.0006786917806166071,0.0028805217065470306,0.0029777413008551046,0.0034316798256090937,0.2555120446168244,0.0013265090669425978,9.280344608501817e-05,0.0,0.2501342597688723,0.0,0.25658898837940236,0.24471236428990914,0.0007095620153886895,0.0006890224176127902,4.288652843468201e-05,0.0,0.00014774786023227058,0.0018908061464779548,0.002130299347659543,0.001903322440952014,0.2333162027209411,0.0013795627693204593,0.0008365983223402626,0.24425156243562057,0.0003649202231002324,0.000385727145470484
0.000601317854947894,0.0012587286381242717,0.001111461122345818,0.00012936426135946226,0.0012559896822942217,0.00017048144080014665,0.0012608579669206113,0.0,0.0013710168795871387,0.0018929267295421067,0.008158355111000062,0.008232638361868565,0.000138644159576655,0.0015714993785080394,0.005981497209803468,0.0006010075686958354,0.004391530465041471,0.0,0.002404156476957121,0.001362282876342527,0.009958652092416568,0.01037458140674353,0.0,0.0015613129939244291,0.004051418017570701,0.009583760063892726,0.0006744589679117563,0.009211833050353776,0.003914780814203996,0.0017190269459270223,0.005501060840476817,0.009277435814615395,0.004596586530334831,0.004573614385898421,0.002313318352486189,0.00934057530630521,0.003279339942126857,0.008820982529365157,0.0017084991037180594,0.0018879879209220162,0.01030333312019923,0.0005030818346251814,0.008066312838338065,0.00431378548705294,0.008481657053133933,0.0074036265501780585,0.0005008984261875484,0.00037567398186003553,0.00045991314654681255,0.0036491595731634715,0.0004791949253814782,0.004842360048865232,0.0102998490906232,0.0007224374851781451,0.009846490655216937,0.006700204881951654,0.0009908533632443392,0.0006535447471146776,0.0004977122397222647,0.0037444158328486083,0.0006045716663047173,0.000824859079727,0.0007449302825939948,0.0005338467865904406,0.006123676055404117,0.006253510323205083,0.005294569163048872,0.0002429383143963149,0.0004704675092633043,0.001264025031561658,0.0051296992516602965,0.004700243870818847,0.005295192464236218,0.005316379616583523,0.0012910396584503083,0.1797241472943737,0.0005169895763712598,0.0021545192911855498,0.0,0.0013640165320062704,0.013539921836432978,0.013475309367807243,0.0011728847654637407,0.006906646229805979,0.007315360018228549,0.005571801681514764,0.001166658445987333,0.004951562806226665,0.005118681466057685,0.005898993279149227,0.0012854674461365838,0.0022802442151595576,0.0001595273838346043,0.0,0.0012111643560861966,0.0,0.001277579452945372,0.0011413005918071812,0.001219723800769944,0.0011844166172931313,7.372113829335121e-05,0.0,0.0002539758015927808,0.0032502603147913983,0.0036619446373290848,0.0032717755903224513,0.0008318933370002312,0.0023714425348353866,0.001438096830597182,0.0010241727896336955,0.0006272910215660427,0.0006630577310084391
3.35863075037556e-05,7.03056574089067e-05,6.20801041020322e-05,7.2255760015501365e-06,7.0152674403346e-05,9.522155457853802e-06,7.042459000194713e-05,0.0,7.657746087490326e-05,0.00010572847404637383,0.0004556808370618363,0.0004598298908202092,7.743900066870292e-06,8.777531040235855e-05,0.00033409352968360404,3.356897662061273e-05,0.0002452867337920218,0.0,0.00013428295544163504,7.608962749976131e-05,0.0005562355229378731,0.0005794670463923399,0.0,8.720635499522822e-05,0.00022628992344851719,0.0005352961165206136,3.7671567721721494e-05,0.0005145223195297445,0.0002186581209151882,9.601538876331852e-05,0.0003072589969927512,0.0005181865290579614,0.0002567400375776707,0.0002554569399601406,0.0001292092375128542,0.0005217131537308783,0.00018316588938667856,0.00049269155951171,9.542736141160802e-05,0.00010545261936543992,0.0005754875090456566,2.8099383808816075e-05,0.00045053986203917004,0.00024094432699982407,0.0004737387050524856,0.000413525851446398,2.797743062450725e-05,2.0983082029062324e-05,2.5688218365442623e-05,0.0002038219795837631,2.6765192461308462e-05,0.0002704675943127976,0.000575292910319326,4.035138376447447e-05,0.0005499708020604657,0.00037423658661007607,5.534361814674298e-05,3.650341439796394e-05,2.7799467775896044e-05,0.00020914247024127035,3.376804750680099e-05,4.6072090610674626e-05,4.160770769434324e-05,2.981774478636098e-05,0.00034203485786732515,0.0003492866858431733,0.0002957255078106244,1.3569197828768488e-05,2.6277727006813314e-05,7.06014848106464e-05,0.00028651678151645263,0.00026252976639392115,0.0002957603219861446,0.0002969437197648905,7.21103732601006e-05,0.0,2.887619375570695e-05,0.00012033959550860479,0.0,7.618645996822871e-05,0.0007562655501301541,0.0007526566530685011,6.551089091267542e-05,0.0003857672646590856,0.00040859576852943024,0.0003112101912249275,6.516312295795642e-05,0.0002765670596102599,0.00028590138862197127,0.0003294853139746893,7.179914013321931e-05,0.00012736189814394432,8.91032209446525e-06,0.0,6.764897826728269e-05,0.0,7.135856022572511e-05,6.374677271802585e-05,6.81270617614684e-05,6.61549967186858e-05,4.117657242128526e-06,0.0,1.418569114590339e-05,0.00018154166137191585,0.00020453608293690366,0.00018274338630668694,4.646498552622599e-05,0.0001324557345954224,8.032417792882379e-05,5.720465801335169e-05,3.503702571161426e-05,3.703475734696357e-05
0.0005761907678975458,0.001206130525823656,0.0010650168331159877,0.00012395855615773515,0.0012035060219111773,0.00016335758447656335,0.0012081708770026102,0.0,0.0013137266125554574,0.0018138275737100262,0.007817444397348432,0.007888623596515166,0.00013285067807924152,0.0015058316100251602,0.005731550197843924,0.000575893447483108,0.004208022911804233,0.0,0.0023036947185342076,0.0013053575744586775,0.009542512914157893,0.009941061916222568,0.0,0.001496070880808433,0.003882122640147276,0.009183286385265712,0.0006462755553302769,0.00882690097317544,0.0037511950542067967,0.0016471944876742307,0.0052711896775460235,0.008889762414599591,0.004404510361413837,0.004382498147018147,0.0022166524192533807,0.008950263515476706,0.003142307157360063,0.008452382804508888,0.0016371065692185043,0.0018090951415896546,0.00987279086024519,0.00048205970639788774,0.007729248267252234,0.004133526639659991,0.008127236619162674,0.007094253450271166,0.0004799675353872285,0.00035997580698118387,0.0004406948952113639,0.0034966732475022527,0.00045917095219480316,0.004640013816376412,0.009869452416757653,0.0006922492088295593,0.009435038332957998,0.00642022545021075,0.0009494488739089471,0.0006262352707421999,0.0004769144891305935,0.003587949062719456,0.0005793086132248631,0.0007903909432330876,0.000713802106533429,0.0005115390926348554,0.005867787859093023,0.005992196781675461,0.005073326605291215,0.00023278672464478484,0.0004508082259702048,0.0012112056004728853,0.004915346062946578,0.004503836204011472,0.005073923860780659,0.005094225672010951,0.001237091375331152,0.17676507615466464,0.000495386289552629,0.002064489046223067,0.0,0.0013070187863783683,0.01297413322423811,0.012912220697266089,0.001123873785065714,0.0066180402959985845,0.007009675285154069,0.005338974492488703,0.0011179076429151578,0.004744653351196254,0.004904788674213376,0.005652493833947411,0.0012317520073654173,0.0021849603408842255,0.00015286126137117978,0.0,0.0011605537980306834,0.0,0.0012241936273562142,0.0010936094097060973,0.0011687555717923028,0.0011349237588959983,7.064057541948095e-05,0.0,0.00024336299170730553,0.0031144426716031167,0.003508924066064497,0.0031350588948330736,0.0007971312621284967,0.0022723477840020352,0.0013780035139728543,0.0009813759915210667,0.0006010786016701497,0.000635350738459716
0.0002840103186918195,0.0005945140639324142,0.0005249576824861729,6.110043929963861e-05,0.0005932204191291298,8.052062305198938e-05,0.0005955197738827704,0.0,0.0006475492748126503,0.0008940541500536396,0.003853298244864092,0.0038883831996497065,6.548345708034452e-05,0.0007422397915537359,0.0028251396741873196,0.00028386376642065733,0.0020741775030600736,0.0,0.0011355146726264448,0.0006434240903955459,0.004703602148572937,0.004900051025224882,0.0,0.0007374286283592568,0.0019135379281623713,0.004526535720859251,0.0003185558267478558,0.004350869708656027,0.0018490023828529793,0.0008119189988044913,0.0025982232684281297,0.0043818547556352515,0.002171028175253575,0.0021601781297930344,0.0010926106336592465,0.004411676366634008,0.0015488753151076272,0.004166265875403048,0.0008069465606899378,0.0008917214858917364,0.004866399523941178,0.00023761215637334437,0.003809825470894794,0.0020374575291003372,0.004005997997355362,0.0034968300353786976,0.0002365809038982947,0.00017743575454206157,0.00021722301815341294,0.0017235459828833263,0.0002263300554827021,0.0022871102352647107,0.004864753971024232,0.00034121671045031753,0.004650626829011273,0.0031645947449680627,0.00046799305418308477,0.0003086777656444079,0.00023507602619348222,0.0017685367651259578,0.0002855471365208768,0.00038959177443584505,0.00035184035401882507,0.0002521428471557575,0.0028922926098901435,0.002953615039403676,0.0025006945377726913,0.00011474295587003587,0.00022220798225190894,0.0005970156200989106,0.0024228243137458015,0.0022199868982706434,0.0025009889311079334,0.0025109959013663707,0.0006097749831027766,0.0,0.0002441809654201496,0.0010176077518441633,0.0,0.0006442429187298622,0.0063950828737005935,0.006364565556353595,0.000553968875673918,0.003262099704305012,0.0034551405933264993,0.0026316350965360034,0.000551028103228495,0.002338688131488886,0.002417620468933066,0.0027861719843945915,0.0006071431540592558,0.001076989284309147,7.534687811135129e-05,0.0,0.000572048828967535,0.0,0.0006034175512991828,0.0005390512557296466,0.0005760915670842452,0.000559415520715675,3.481946163536534e-05,0.17970381640980146,0.00011995610600424698,0.001535140625277572,0.0017295845365671947,0.0015453025724242206,0.00039291414651159833,0.0011200634482012787,0.0006792320164898367,0.000483730256778357,0.00029627778633469425,0.00031317087285076474
0.003715740980075454,0.007778098629514681,0.006868084168927405,0.0007993843577656585,0.007761173719774201,0.001053460945340304,0.007791256453124127,0.0,0.008471964638898915,0.011697017414939885,0.3382807727153026,0.33991367934686467,0.0008567279038001266,0.009710811998741364,0.29115533588052145,0.0037138236191774842,0.2660049389469271,0.0,0.01485607432148759,0.008417994357609121,0.35804122086108714,0.36800655331633986,0.0,0.009647866975032716,0.0250350456608477,0.3436801161340296,0.004167703995196139,0.33875553373180767,0.02419071940016055,0.010622433404024694,0.27416330156880936,0.3427740205445448,0.028403821371158162,0.028261868928235977,0.014294755646393393,0.3382904483342693,0.02026412106391705,0.3326930177506262,0.010557378401240854,0.011666498890616326,0.358854813641964,0.0031087082711194593,0.3203110556871783,0.026656300626373926,0.3275173582796235,0.3090982816998173,0.0030952162716033987,0.002321413206109465,0.0028419547363141605,0.2543935958149139,0.0029611031953116524,0.029922536851010137,0.0636461582500953,0.004464179047954097,0.06084470723173514,0.04140277167875999,0.0061228091212618616,0.004038468139911603,0.003075527776539102,0.24832155189180716,0.0037358473516067485,0.00509707579794804,0.004603169447834785,0.0032988150371613097,0.31234163373318136,0.31578449159656174,0.0327168858351782,0.0015011958201558183,0.002907173618044602,0.007810826788141547,0.29104658304868647,0.029044354202094117,0.0327207374184061,0.294283209262106,0.007977759060924803,0.0,0.003194648785808961,0.2186383758511514,0.0,0.008428707186676314,0.0836676343811745,0.08326837266705607,0.007247641080468923,0.042678440727820253,0.04520401777541219,0.30325973563004294,0.007209166602714502,0.28853450124737184,0.031630017853089304,0.31120235943794744,0.007943326526661236,0.2263551326853368,0.000985772221265291,0.0,0.0074841832725990685,0.0,0.007894584019998636,0.007052472073908046,0.007537074899076455,0.007318900189218216,0.000455547182576429,0.0,0.0015694000870930124,0.26499386304704525,0.2801986658319446,0.26555726053215284,0.00514054278932285,0.23189502055912295,0.008886473738967253,0.006328700825705371,0.0038762377269976724,0.004097251999073596
0.00016665476024821678,0.0003488556304757364,0.0003080405568296437,3.5853201071864085e-05,0.0003480965310686068,4.724879430992608e-05,0.0003494457722404015,0.0,0.00037997622635644506,0.0005246231218373133,0.0022610815625312584,0.0022816691058115458,3.842511740494572e-05,0.00043553978981411296,0.0016577671446518982,0.00016656876466282104,0.0012171091391218465,0.0,0.0006663100354823247,0.0003775556043763043,0.0027600324241176914,0.0028753068993207795,0.0,0.00043271664151307897,0.0011228472476375385,0.0026561313996952196,0.0001869257609261137,0.002553052126792971,0.0010849783565332848,0.00047642693656338675,0.0015246145909969034,0.002571233880186255,0.0012739402628240831,0.0012675735514551532,0.0006411343222874912,0.0025887329395658755,0.0009088664295107459,0.002444728219008971,0.00047350915355589955,0.0005232543349973414,0.0028555604939638885,0.0001394287261633995,0.0022355721206329883,0.00119556218095227,0.00235068443597125,0.00205190914843893,0.00013882359626961107,0.00010411774216117756,0.00012746455895510322,0.0010113616430460753,0.0001328084884632812,0.001342056195968284,0.0028545948979668413,0.00020022296842843842,0.0027289469719366313,0.0018569563983965567,0.0002746142133213951,0.00018112940143996887,0.00013794054725134447,0.0010377618388648807,0.00016755655145082675,0.00022860903104628388,0.00020645682915584844,0.00014795520787624084,0.0016971718974477348,0.0017331553604271394,0.0014673855885452983,6.733015859695715e-05,0.00013038969209993903,0.0003503235216604483,0.0014216920251020702,0.0013026688114347487,0.0014675583359684532,0.0014734303382144013,0.00035781060379226555,0.0,0.0001432832456113338,0.0005971232900672802,0.0,0.0003780360856502541,0.003752578455575488,0.003734671161821836,0.00032506407015651234,0.0019141714520472793,0.0020274461500447414,0.0015442203582395166,0.00032333845071742313,0.0013723216524099365,0.0014186384546767768,0.0016349012465755653,0.00035626626962763906,0.0006319678517075281,4.4212886225181195e-05,0.0,0.00033567322793403746,0.1974554992597501,0.0003540801186539,0.00031631054181029665,0.0003380454711493192,0.0003282601136234263,2.0431754231825864e-05,0.0,7.038918930315362e-05,0.0009008070341646379,0.0010149050133048262,0.0009067699754872642,0.00023055856979646162,0.0006572433927139271,0.00039856738086990886,0.0002838486655679651,0.0001738532025030367,0.00018376591728099168
0.00015103930056577353,0.0003161680491274832,0.00027917732550900015,3.2493775784579394e-05,0.0003154800769186968,4.282160818279833e-05,0.00031670289493228917,0.0,0.00034437266223311244,0.0004754662228964938,0.0020492194595476106,0.0020678779613077214,3.482470496706277e-05,0.0003947299502523001,0.0015024352719131006,0.00015096136271959039,0.001103066679951864,0.0,0.0006038771503995062,0.00034217885120563224,0.002501418898906327,0.0026058922189712876,0.0,0.0003921713293995471,0.0010176370760294096,0.0024072533435182657,0.0001694109195918231,0.002313832541983432,0.000983316479263563,0.00043178599376370404,0.0013817590395472008,0.0023303106750502027,0.0011545727585155255,0.0011488026045119132,0.0005810603877308089,0.0023461700821581686,0.0008237061432662182,0.002215658524980388,0.00042914160542461774,0.00047422569063311834,0.0025879960409722256,0.00012636433095058834,0.002026100238372054,0.0010835386599516816,0.002130426592862633,0.00185964638599661,0.00012581590139614229,9.43619667934452e-05,0.00011552119965147883,0.0009165976114766585,0.00012036440589404784,0.0012163062660622748,0.0025871209207908043,0.00018146218604012465,0.002473246136554955,0.0016829606017686788,0.0002488830120646221,0.0001641576758122205,0.0001250155935868386,0.0009405241234186687,0.00015185659442702124,0.00020718849015066988,0.0001871119374345048,0.00013409188600077896,0.0015381478209719214,0.0015707596531947074,0.0013298923632548874,6.102135964385587e-05,0.00011817224942407298,0.00031749839971282115,0.0012884802616590866,0.0011806094578690992,0.0013300489243391856,0.0013353707231934621,0.0003242839463529765,0.0,0.00012985768403912936,0.0005411731651047184,0.0,0.00034261431164759167,0.0034009639112866385,0.0033847345211417113,0.000294605744968683,0.0017348146362551066,0.0018374755571424174,0.0013995277571462012,0.0002930418151251277,0.001243735865825538,0.0012857128091088108,0.0014817118959524393,0.0003228843154530394,0.0005727528104195322,4.007016302144266e-05,0.0,0.0003042208304779279,0.18709076018734738,0.00032090300562718783,0.00028667241743020815,0.00030637079580429717,0.00029750232091467764,1.8517310060093417e-05,0.0,6.37937608497079e-05,0.0008164019088462344,0.0009198089698844847,0.0008218061258355529,0.00020895535818860742,0.0005956600470885724,0.0003612218357595185,0.0002572522011976093,0.00015756325272718642,0.0001665471515641616
0.001431673304789963,0.002996897854186123,0.0026462696975999237,0.00030800242842990693,0.002990376694182948,0.00040589802173236674,0.0030019675576212624,0.0,0.00326424411111396,0.004506855474703373,0.019424168311828444,0.01960102876322927,0.0003300968705613052,0.003741571433795087,0.01424130317682539,0.0014309345465105265,0.01045576292511144,0.0,0.005724038659879233,0.0032434493863500616,0.023710482293327152,0.02470076537090701,0.0,0.0037173187448707877,0.0096459916740767,0.022817904590869523,0.0016058144483654569,0.021932386271011697,0.009320673150950162,0.004092818745439709,0.013097435721443113,0.02208857941502191,0.010943979418684892,0.010889285207174677,0.005507762830395521,0.02223890777129224,0.007807756603005441,0.021001813109981685,0.004067753082540144,0.00449509670120169,0.024531130843978902,0.0011977838789105025,0.01920502553467975,0.010270660472803067,0.02019391555304404,0.017627240573860267,0.0011925854176509684,0.0008944394494651542,0.0010950038636223132,0.008688257471199798,0.0011409117105277524,0.011529139800351529,0.02452283574331615,0.0017200461509641518,0.023443437943746852,0.01595246904309001,0.0023591155616711186,0.0015560199322717082,0.0011849994494830605,0.008915052406662292,0.0014394202805700022,0.0019639009800583624,0.0017735990886415319,0.0012710319291544517,0.014579815755617755,0.014888937218963788,0.012605801189386012,0.000578410064776829,0.0011201326690052518,0.003009507998777003,0.012213263617192082,0.011190776426283062,0.012607285202646925,0.012657729539482361,0.003073826927338825,0.0,0.0012308967200209643,0.005129679300995699,0.0,0.0032475770345032897,0.03223710136437497,0.03208326600803742,0.0027925128024924215,0.01644398374583155,0.017417087430296192,0.013265862075058034,0.0027776886037627177,0.011789139850636694,0.012187031451632113,0.014044870168748237,0.0030605600875925265,0.005429016857529642,0.0003798175872206152,0.0,0.002883652401227946,0.0,0.00304177962200798,0.002717314273285492,0.002904031520784624,0.0028199689045906393,0.00017552212166137293,0.0,0.0006046891377182279,0.007738521129907729,0.008718697337429157,0.00778974669284345,0.0019806487920088042,0.00564615027315539,0.003423954278303358,0.002438445541481362,0.001493512628172914,0.0015786693263941823
0.0004161288918921141,0.0008710756699897282,0.0007691624012445277,8.952371243760856e-05,0.0008691802354119561,0.00011797795868623164,0.000872549225489875,0.0,0.0009487822957085107,0.0013099586115991465,0.005645811518929536,0.005697217620736932,9.594566337456625e-05,0.0010875218316016289,0.004139364539552837,0.0004159141650663993,0.0030390627703654693,0.0,0.0016637439957243698,0.0009427381194678479,0.006891667735885686,0.007179502536153378,0.0,0.001080472566567695,0.0028036953773633265,0.006632231893219193,0.0004667446021008945,0.006374847924432637,0.002709138584212471,0.0011896150634064955,0.0038068890403679797,0.006420246885019989,0.003180967343003973,0.0031650699720377684,0.0016008814551119299,0.006463941191608953,0.0022693956033835844,0.0061043683555055865,0.0011823295000785777,0.001306540816931261,0.007130196715138867,0.000348146798986651,0.005582115673853744,0.0029852610558906054,0.005869545568766445,0.005123518097721541,0.00034663581885156254,0.00025997697639904796,0.00031827285097949486,0.0025253212041235653,0.0003316163850092195,0.00335104954009979,0.007127785668543685,0.0004999470873762056,0.006814048862288538,0.004636730491261191,0.0006856984349985257,0.0004522713722550426,0.0003444308880778457,0.0025912412187421214,0.0004183806209954485,0.0005708257155339066,0.0005155127367032529,0.000369437012249197,0.004237756305211326,0.004327605275344303,0.003663990983697967,0.00016812015598079426,0.0003255767672455797,0.0008747409234226494,0.003549896361414675,0.0032527011421538995,0.0036644223256750426,0.0036790844318408387,0.0008934358061033362,0.0,0.0003577713479899709,0.0014909880320765048,0.0,0.0009439378580160045,0.009370007266105422,0.009325293617990029,0.0008116692922944414,0.004779593718448712,0.005062435171563475,0.0038558436947997636,0.0008073605038509181,0.003426620923916946,0.0035422717434589737,0.004082269495796209,0.000889579678239481,0.0015779932205405294,0.00011039744274231511,0.0,0.0008381598471594495,0.0,0.0008841209647838562,0.0007898121545479305,0.0008440832239595083,0.0008196496585578777,5.101710407334543e-05,0.0,0.0001757584079943433,0.002249271682232451,0.002534168828620709,0.0022641608588830696,0.0005756936196886027,0.0016411050263797457,0.000995203511131102,0.0007087564165099594,0.00043410305473262395,0.00045885462504510245
0.0009475226093331131,0.21557318681002313,0.20873781380534534,0.00020384487416956888,0.0019791173857061223,0.0002686349961183526,0.0019867885528171867,0.0,0.0021603707265581145,0.2197321952747305,0.012855473788169425,0.012972525126514901,0.00021846761204563284,0.0024762796904115414,0.009425304433115215,0.0009470336778357833,0.006919924913193414,0.0,0.22519797350847565,0.0021466081790532244,0.01569227977916085,0.016347677629010772,0.0,0.0024602285626745004,0.2768450012269091,0.015101546159391854,0.0010627742314740399,0.014515484642258896,0.2755652708042856,0.0027087452732629178,0.008668260020518554,0.014618857761585318,0.007243040643830054,0.00720684244006933,0.2290828366852035,0.014718349395545003,0.25719959277566046,0.013899604534161282,0.002692156095944462,0.0029749844055045453,0.01623540861550739,0.0007927278538792892,0.012710438789384637,0.28407332584462275,0.01336491467254113,0.011666215279705124,0.000789287362560026,0.0005919657775361194,0.0007247050808434746,0.0057501389193513625,0.0007550882155594556,0.25478652469056823,0.32482846299221185,0.0011383760608528158,0.3166948006653602,0.2789071714910998,0.0015613305949299017,0.001029818787196513,0.0007842667504352309,0.005900238336805041,0.0009526497809308401,0.0012997662070466257,0.0011738189367350121,0.0008412055222576153,0.009649341803146695,0.009853927286839481,0.26218398970183615,0.0003828084326279171,0.0007413360476752264,0.00199177903385466,0.008083089467630162,0.2517749286775831,0.2636467208405038,0.008377249810663116,0.20210542829169087,0.0,0.0008146428854066951,0.003394969438949323,0.0,0.002149339975431261,0.32380171100639304,0.3225134392899791,0.001848165365912111,0.270066982158667,0.2781190396129687,0.008779729430141358,0.00183835428442121,0.007802392148889764,0.24938282879405896,0.009295299413290022,0.002025566775963526,0.003593079651446477,0.00025137421373284773,0.0,0.001908484176159206,0.0,0.0020131373231717297,0.0017983968144040456,0.001921971664173162,0.001866336604710223,0.00011616559319492745,0.0,0.0004002006796447341,0.005121576066870452,0.005770284899150588,0.005155478619146187,0.0013108503911456169,0.0037367847969281857,0.21258867910773865,0.0016138334593869376,0.0009884496538307434,0.0010448088082766983
0.001955854597349351,0.004094157812599755,0.0036151534966536282,0.00042077194819789966,0.004085249047779186,0.0005545102428076104,0.004101083696275618,0.0,0.00445938806725842,0.006156959112317094,0.2760282843521168,0.27728729563091337,0.0004509558707967111,0.00511148015794897,0.2397629228413544,0.0019548453560843705,0.22130892726280416,0.0,0.0078197919112368,0.004430979730039299,0.2893685437614998,0.29713072793198503,0.0,0.005078347785520169,0.013177697103533195,0.2777102830845265,0.002193754371767351,0.2742243374123357,0.01273326908568083,0.0055913303213823975,0.226046413940648,0.277569164584872,0.014950919590186648,0.014876200082130767,0.007524330597558601,0.2735505126756226,0.010666425500762754,0.26979195009797025,0.005557087319257751,0.006140895076523793,0.2893488282660363,0.0016363307874499588,0.26064765067600554,0.014031077087445719,0.2660198385451013,0.25232323912205196,0.00162922900360054,0.0012219222803373383,0.001495919728066175,0.21280665260429588,0.0015586359029951936,0.01575032586453728,0.03350142862071765,0.0023498099466971907,0.03202682883486349,0.021793177125404448,0.003222863066270398,0.0021257284940067603,0.0016188655703599337,0.20734374617289672,0.0019664379882278777,0.0026829478120007026,0.002422970324143241,0.0017363972867952984,0.25782590359905366,0.26053676221330563,0.017221187352619974,0.0007901844509930742,0.0015302489911527203,0.004111384933611785,0.2414599616381221,0.015288076859451917,0.017223214710501946,0.2438725362482411,0.004199253074830415,0.0,0.0016815672965756897,0.1849610834635922,0.0,0.004436618641926336,0.044040133107028846,0.043829973716669995,0.003814940869986397,0.02246465104882364,0.02379403905137286,0.25111527067959283,0.003794689058947872,0.23965737576169463,0.01664909264772017,0.2573110027278943,0.004181128821606386,0.19138473422447927,0.00051888092879441,0.0,0.003939449584782617,0.0,0.004155472228142638,0.003712209759074991,0.0039672901504630015,0.0038524495273975744,0.00023978637265872072,0.0,0.0008260851313050917,0.2228326780304335,0.2351447917521148,0.2232757239547113,0.0027058275324573326,0.195994319883283,0.004677573224232233,0.003331238283717271,0.0020403352707899047,0.002156670554233353
0.0004228011543053085,0.0008850426056319365,0.0007814952468590939,0.21689402386523504,0.0008831167794203791,0.00011986963195060964,0.0008865397883042625,0.0,0.0009639951890531081,0.0013309626509180018,0.005736337163083798,0.005788567516721772,0.22034378569448637,0.0011049592919219887,0.0042057356254589055,0.0004225829845229613,0.0030877914808422825,0.0,0.0016904206738982256,0.0009578540997387917,0.007002169593589658,0.007294619572847461,0.0,0.0010977969980956706,0.0028486501777843422,0.0067385739243516745,0.3100646814592752,0.006477063028994639,0.0027525772492505668,0.00120868949930458,0.003867929172764828,0.0065231899221630365,0.0032319713690494105,0.0032158190976597236,0.0016265501874903883,0.0065675848286988105,0.002305783374769214,0.006202246557015547,0.0012012871183480407,0.0013274900549052856,0.007244523176165846,0.27200134114903796,0.005671620010905193,0.003033127102985349,0.005963658592505175,0.00520566922419418,0.00035219382068766154,0.00026414547957611897,0.00032337607746077765,0.0025658125184250136,0.0003369335633748833,0.0034047806852493005,0.007242073470549659,0.0005079633011615994,0.006923306169318557,0.004711076404702297,0.0006966930089965577,0.0004595231476939937,0.0003499535357796563,0.0026327895027574875,0.00042508898791316935,0.0005799784060594883,0.0005237785320461049,0.27682409412630987,0.004305705016926517,0.004396994636622556,0.0037227398708796545,0.00017081581547357915,0.0003307971056287777,0.0008887666281943068,0.003606815841230902,0.0033048553568575875,0.003723178129047647,0.0037380753292474635,0.0009077612669492768,0.0,0.00036350789828537865,0.0015148947196408143,0.0,0.0009590730750440603,0.009520247128107605,0.009474816535796583,0.0008246836986873633,0.004856230318644726,0.0051436068868002385,0.003917668772215047,0.0008203058225939834,0.0034815637900346016,0.003599068969202506,0.004147725112668859,0.000903843309451605,0.0016032949601188953,0.00011216756907113846,0.0,0.0008515990064041301,0.0,0.0008982970703054454,0.0008024761008755038,0.000857617359364587,0.0008327920231361135,5.1835118665869476e-05,0.0,0.00017857654017000484,0.0022853367841632086,0.0025748020068338635,0.0023004646957242476,0.0005849243627948997,0.0016674187085031606,0.0010111607280179334,0.0007201207050516351,0.0004410635171085369,0.00046621195717815386
0.00019228570233297026,0.00040250845411753474,0.0003554161593032628,4.136730291244323e-05,0.0004016326077725335,5.4515500095757966e-05,0.0004031893577024406,0.0,0.0004384152930642886,0.0006053083949858709,0.0026088283085097465,0.0026325821467623376,4.4334771334657305e-05,0.0005025243458610242,0.0019127261605917665,0.0001921864809155278,0.001404296434637397,0.0,0.0007687862798122267,0.00043562238755807476,0.003184516135889488,0.003317519438000254,0.0,0.0004992670068384488,0.0012955373810088142,0.003064635483069049,0.00021567431479466105,0.0029457029643911565,0.0012518443817107036,0.0005496997983795459,0.0017590951916422706,0.002966681010356753,0.0014698679941846948,0.0014625221040024843,0.0007397386265307247,0.0029868713662635697,0.001048647032134221,0.002820719203611236,0.0005463332701506835,0.0006037290933297037,0.003294736101857044,0.0001608723956986853,0.0025793956001717118,0.001379435626709647,0.0027122118027753743,0.002367485880051531,0.00016017419886076427,0.00012013070101908083,0.0001470681797792006,0.0011669056650772875,0.00015323398768752217,0.0015484599289436562,0.003293622000440523,0.00023101658812572904,0.003148649845625292,0.002142550052189136,0.00031684895649229195,0.00020898649469814706,0.00015915533987096442,0.0011973661222954683,0.00019332618599208261,0.0002637683317831592,0.0002382091956841967,0.00017071022164581693,0.00195819123194838,0.001999708830611999,0.0016930645609310197,7.768531072693863e-05,0.00015044318857183558,0.0004042021020336235,0.0016403434809829217,0.0015030148970297203,0.0016932638763273407,0.0017000389727859187,0.0004128406722370603,0.0,0.0001653197272846432,0.0006889588454536175,0.0,0.0004361767652373061,0.004329712411545869,0.004309051036190162,0.00037505783177248133,0.0022085645888208043,0.002339260554711944,0.0017817162600018413,0.00037306681786258465,0.0015833801108793137,0.001636820281687708,0.0018863435642318823,0.0004110588246676316,0.0007291623835793832,5.1012679549713835e-05,0.0,0.000387298642364236,0.0,0.0004085364510206669,0.0003649580401827498,0.00039003572861413165,0.00037874541598433904,2.3574089372003465e-05,0.0,8.121481007591027e-05,0.0010393481288673882,0.0011709939937743796,0.001046228150527038,0.0002660177030417115,0.0007583252178543992,0.0004598657046665602,0.0003275036364621128,0.00020059124081629832,0.00021202849781553774
0.0001717609452799915,0.0003595443224514858,0.0003174787035595684,3.695171802020502e-05,0.0003587619647706378,4.869646424695885e-05,0.0003601525457461406,0.0,0.00039161843157495637,0.0005406972065382772,0.002330359516626436,0.002351577847801305,3.9602436066861485e-05,0.24426255706912986,0.0017085599678966822,0.0001716723148501408,0.0012544005099711637,0.0,0.0006867253078971884,0.00038912364343415996,0.002844597882855576,0.0029634042871733864,0.0,0.24178757909977894,0.0011572505002078028,0.0027375134038776982,0.00019265303520902297,0.0026312758543105916,0.0011182213328255817,0.0004910243239322863,0.0015713277133354347,0.002650014683882737,0.0013129728994659587,0.001306411116523644,0.0006607782284978236,0.002668049902175198,0.0009367134598106196,0.002519632977925358,0.0004880171420987671,0.0005392864810290251,0.002943052865798264,0.0001437007245958151,0.0023040684833101,0.0012321933681073323,0.002422707759298498,0.0021147782063927214,0.00014307705394626694,0.00010730783679618078,0.00013136998369093984,0.0010423490548412222,0.00013687764745324232,0.001383175857053555,0.002942057684616735,0.00020635765982809635,0.002812559994210077,0.0019138522407477045,0.00028302820031754093,0.0001866790793313748,0.0001421669489250834,0.0010695581341538152,0.00017269036673290883,0.00023561345150639227,0.00021278252167836092,0.00015248845173141513,0.0017491720546961027,0.0017862580257573838,0.0015123452543652977,0.15480423359483547,0.00013438474086486358,0.00036105718879312975,0.001465251672168601,0.0013425816706678182,0.0015125232946484053,0.0015185752109269923,0.0003687736698731452,0.0,0.0001476733438176797,0.0006154187291013911,0.0,0.0003896188463175342,0.0038675548289588886,0.003849098868277341,0.00033502380540157106,0.0019728203235354794,0.0020895656788758933,0.0015915341875430442,0.0003332453141924988,0.0014143686258649955,0.0014621045424859796,0.0016849934747319066,0.00036718201839226717,0.0006513309036848346,4.5567538066618746e-05,0.0,0.0003459580203365553,0.0,0.0003649288852851485,0.0003260020750829058,0.0003484029474210499,0.0003383177733999375,2.105776885916721e-05,0.0,7.25458647217447e-05,0.0009284071302406098,0.0010460009914808575,0.0009345527719054381,0.00023762272275728094,0.0006773808695499339,0.00041077920603062085,0.0002925455897077476,0.00017917994275951017,0.0001893963761696126
0.0030571879953865426,0.006399560648762426,0.0056508310415444565,0.0006577068410756997,0.006385635396394444,0.000866752600079658,0.006410386468053896,0.0,0.006970450505098209,0.009623916579367,0.31739044352953805,0.318893243725606,0.000704887202002233,0.007989732876214864,0.27404757650770184,0.003055610454661415,0.25127496637525015,0.0,0.012223083448970613,0.006926045554120309,0.33482058281762817,0.3440232676652839,0.0,0.007937943805910105,0.02059800224738574,0.32137027488394554,0.0034290481200816717,0.31696209445874624,0.01990331870453289,0.008739784624039603,0.2581641083003345,0.32075867824278803,0.02336971876797642,0.023252925023002118,0.011761249127287238,0.3164083678597582,0.016672644295138338,0.3114791082963953,0.008686259533185029,0.009598806953400282,0.33531135435262216,0.002557741688289658,0.30024420933299883,0.021931916867550392,0.3068029403086653,0.2900528082770692,0.0025466409201856813,0.0019099815148863064,0.002338265759072136,0.24076836859958275,0.002436297145131921,0.024619267312481496,0.05236594046733372,0.0036729779249532746,0.050060999819177936,0.03406482239498421,0.0050376435397240385,0.0033227171601283305,0.002530441881802608,0.23486862589188817,0.0030737308486171277,0.0041937043040996885,0.0037873345995082866,0.002714155207450809,0.2942347616407672,0.2974257616825391,0.026918364643303987,0.0012351339516705577,0.0023919256840690606,0.006426488288283499,0.27465761453828696,0.02389672786034555,0.026921533597779195,0.2776032797107578,0.006563834605783059,0.0,0.0026284506831401964,0.20775142877569358,0.0,0.006934859713287075,0.0688389445884688,0.06851044534001058,0.005963117834341079,0.03511440042633396,0.037192361154146904,0.2859928177861301,0.0059314623147151664,0.2723992382067582,0.026024125845381985,0.29333121007823293,0.00653550466272035,0.2150422742410901,0.0008110605710133696,0.0,0.006157736876427269,0.0,0.0064954009506927824,0.005802539272183789,0.006201254346129872,0.006021747457072709,0.00037480905837428396,0.0,0.0012912501522433682,0.2512628923353204,0.26549100653833657,0.2517848497309669,0.004229467497750488,0.22027561060576523,0.007311494795188001,0.0052070443807809424,0.0031892393764220493,0.003371082562753592
0.0,0.0,0.0,0.0,0.0,0.0,0.0,0.0,0.0,0.0,0.0,0.0,0.0,0.0,0.0,0.0,0.0,0.0,0.0,0.0,0.0,0.0,0.0,0.0,0.0,0.0,0.0,0.0,0.0,0.0,0.0,0.0,0.0,0.0,0.0,0.0,0.0,0.0,0.0,0.0,0.0,0.0,0.0,0.0,0.0,0.0,0.0,0.0,0.0,0.0,0.0,0.0,0.0,0.0,0.0,0.0,0.0,0.0,0.0,0.0,0.0,0.0,0.0,0.0,0.0,0.0,0.0,0.0,0.0,0.0,0.0,0.0,0.0,0.0,0.0,0.0,0.0,0.0,0.0,0.0,0.0,0.0,0.0,0.0,0.0,0.0,0.0,0.0,0.0,0.0,0.0,0.0,0.0,0.0,0.0,0.0,0.0,0.0,0.0,0.0,0.0,0.0,0.0,0.0,0.0,0.0,0.0,0.0,0.0,0.0,0.0,0.0
0.002507106058420723,0.005248083303334615,0.004634073128884157,0.0005393651971726897,0.005236663631194895,0.0007107972090989686,0.005256961225521268,0.0,0.005716252555493867,0.007892278655508704,0.297165100443461,0.2985479044992852,0.0005780563633344987,0.0065521347491058765,0.25730648658927513,0.002505812365682381,0.23666779746087685,0.0,0.010023775644069177,0.005679837417861325,0.3125654842820967,0.3210598270876909,0.0,0.006509664121811457,0.01689178954768697,0.2999920991167863,0.002812057135330329,0.29604058891048624,0.01632210089209897,0.007167229170495141,0.2424842164426373,0.2996169786813074,0.019164789209953112,0.01906901024377485,0.009645039489267348,0.29542497742810747,0.01367272394936576,0.29107684836048564,0.007123334886021459,0.007871687021797974,0.31279929986795674,0.002097525468588487,0.2808745083165801,0.017985691993554685,0.2868475891830727,0.27160488519532755,0.00208842206931811,0.0015663172283383246,0.0019175399941429754,0.22715171289469238,0.001997932525540049,0.020189505626132604,0.04294370081220727,0.0030120964827783257,0.041053489718871836,0.02793551549148113,0.004131216875660036,0.0027248583780739855,0.002075137735043581,0.22146011972487054,0.002520672344700974,0.003439128206672165,0.0031058768822926426,0.0022257953957567182,0.2764632982122137,0.2794184614317505,0.022074924794238154,0.0010128954509396654,0.001961544851959113,0.005270165834171491,0.2584672153708633,0.01959697319416189,0.022077523556556875,0.26114975719184974,0.005382799334376439,0.0,0.002155511745403042,0.19667775180585284,0.0,0.005687065639311965,0.056452705981274574,0.05618331382834217,0.004890169944443646,0.028796242226360763,0.030500314052405407,0.26897765035315263,0.004864210224218279,0.25643436560864935,0.021341586997763635,0.275754241017725,0.005359566817437855,0.20354591773183978,0.000665125885095166,0.0,0.0050497710485414736,0.0,0.0053266789938754226,0.004758484393327863,0.005085458390014481,0.004938250298865814,0.00030736940692530844,0.0,0.0010589146249793235,0.23743192359411616,0.2507221329754036,0.2379151157750255,0.003468456504312249,0.2084752085601623,0.00599593251209589,0.004270137306970188,0.00261539734371837,0.0027645213605672894
0.001896294173034251,0.00396948096961669,0.0035050634743601897,0.0004079584416067029,0.003960843497873611,0.0005376240870609354,0.003976195943662028,0.0,0.0043235890943533984,0.005969465063568623,0.27356161305136567,0.2748065030867643,0.00043722319197261097,0.004955823429939511,0.23770588568303708,0.0018953156655661786,0.21949767575944407,0.0,0.007581660648861644,0.004296045858569295,0.28667379693821526,0.29435217513525347,0.0,0.0049237000170535596,0.012776404884752722,0.2751220653801194,0.0021269493334978144,0.2716880909216962,0.012345510757076392,0.00542106101461555,0.22411776080294862,0.2750056027608094,0.014495628529235959,0.014423184407914066,0.007295196834913341,0.27100877755411057,0.010341607475122291,0.2673154318132365,0.005387860793349528,0.00595389021587211,0.2866275249153299,0.0015865006231051933,0.25829035408781925,0.013603797418466896,0.2635946696254137,0.25007259174566127,0.0015796151054649498,0.0011847118406678456,0.0014503654144348344,0.21110940245423238,0.001511171732672433,0.01527069098121605,0.03248123043905518,0.002278252645006766,0.031051535723884416,0.02112952304880674,0.0031247192206099485,0.0020609950055085193,0.001569567263415022,0.2056754372116835,0.0019065552744888738,0.00260124566997307,0.002349185114954148,0.0016835198595462186,0.2556377779634158,0.2583205625248114,0.016696761238673696,0.0007661214550770559,0.0014836492698113019,0.003986183483820734,0.2394575949177347,0.014822518557753578,0.01669872685868627,0.2418396770039706,0.0040713758311527164,0.0,0.0016303595729370405,0.18356467191574333,0.0,0.004301513052177723,0.042699006308389006,0.04249524677131196,0.003698766846998521,0.02178054899421696,0.02306945397025769,0.24901448626961542,0.003679131751773241,0.2376807849214916,0.01614208817821434,0.25514369657369323,0.004053803504546279,0.1899358847083712,0.0005030797704005844,0.0,0.0038194839752963123,0.0,0.004028928215375421,0.0035991641427511522,0.0038464767295354274,0.0037351332765805287,0.00023248430730075017,0.0,0.0008009288742870048,0.22109966190057317,0.2332980510714126,0.22153809665983776,0.00262342864852442,0.19450776532246206,0.00453512999436341,0.0032297941549247707,0.001978202209038788,0.0020909948064082814
0.00042712063276989645,0.0008940844978697931,0.0007894792645340981,0.21927403268000598,0.0008921389967714412,0.00012109426033323425,0.0008955969762626832,0.0,0.000973843687375973,0.001344560211968319,0.005794941508387132,0.005847705464843924,0.22276164538914045,0.0011162479268206926,0.004248702831855891,0.0004269002340918453,0.0031193373947283293,0.0,0.0017076905787285351,0.0009676398586325602,0.007073706107756937,0.007369143854135309,0.0,0.0011090124605973159,0.0028777529438737616,0.006807417456711692,0.3134668044846315,0.006543234878296925,0.0027806985020645244,0.0012210378768088893,0.003907445235089116,0.0065898330192839475,0.0032649902730533783,0.0032486729846392315,0.0016431675699996203,0.006634681479081732,0.002329340031438435,0.006265610789024593,0.0012135598706446062,0.0013410521387494966,0.007318535655855203,0.2749858689023566,0.005729563184065835,0.0030641145472444123,0.006024585329809866,0.005258852087766589,0.0003557919509395073,0.0002668440784302824,0.00032667979597793685,0.0025920257200793863,0.0003403757897173965,0.0034395650672142553,0.0073160609232244276,0.0005131528246948868,0.006994036988280619,0.004759206342068659,0.000703810658553911,0.00046421779036521626,0.00035352877852914765,0.002659686963758131,0.0004294318396535847,0.0005859036600692985,0.0005291296292849571,0.279861527783998,0.004349693544171766,0.0044419158092551285,0.0037607726305771746,0.00017256092716222022,0.0003341766398598496,0.0008978465662962678,0.0036436642821428725,0.003338618868137445,0.003761215366137668,0.0037762647611335257,0.0009170352606544668,0.0,0.0003672216169504357,0.0015303713924241656,0.0,0.000968871287398579,0.009617509167316046,0.009571614440829598,0.0008331089440782605,0.004905843197102759,0.005196155700708621,0.0039576929909775896,0.0008286863421337013,0.003517132613962845,0.0036358382654703464,0.004190099664201578,0.0009130772759883162,0.0016196747594219387,0.00011331351059493592,0.0,0.000860299227610175,0.0,0.0009074743746019818,0.0008106744659953284,0.0008663790660839516,0.0008413001058903514,5.236468363159069e-05,0.0,0.00018040093802627929,0.0023086845516018836,0.002601107048118272,0.002323967014983647,0.0005909001463583498,0.0016844536175366156,0.0010214910853134018,0.0007274776998131212,0.0004455695699995134,0.00047097493497151664
0.0002563952241428399,0.000536707847025181,0.0004739146214352845,5.5159477661288444e-05,0.0005355399868191609,7.269138420966319e-05,0.0005376157690659434,0.0,0.0005845863003283377,0.0008071228371374025,0.0034786315924429023,0.003510305141797495,5.911632272058916e-05,0.000670069800983736,0.0025504436716754808,0.22263807001744693,0.0018724995917707879,0.0,0.0010251054973867283,0.0005808622187945194,0.004246258138496423,0.0044236057573920585,0.0,0.0006657264402519211,0.0017274794389755682,0.0040864083603935186,0.0002875817786383011,0.0039278228315980076,0.0016692188599902774,0.2766766765983462,0.0023455909642657665,0.003955795118315993,0.0019599332100978142,0.0019501381440219442,0.0009863731346391464,0.003982717093093339,0.0013982739620712614,0.0037611685303650826,0.2721916970257711,0.28549572267609913,0.004393226282962676,0.00021450848114611815,0.0034393857943419413,0.0018393500005964558,0.0036164839333257663,0.0031568237549960557,0.00021357750014970172,0.0001601831942808076,0.00019610183420435242,0.0015559609264809092,0.00020432336956291108,0.002064728296179928,0.004391740731624536,0.23576274419792684,0.004198433753116292,0.002856892604095059,0.00042248881863608296,0.0002786641882409485,0.00021221894579079615,0.0015965771327884628,0.0002577826130009729,0.22274231050490964,0.00031762996093476507,0.00022762631340400092,0.002611067145078424,0.0026664270282422704,0.0022575452169424025,0.00010358618667314364,0.0002006020967063103,0.0005389661700923466,0.0021872465262631666,0.002004131543522909,0.0022578109856142,0.002266844950979334,0.0005504849055818338,0.0,0.00022043858705094856,0.0009186629867018659,0.0,0.0005816014302262681,0.005773271599310129,0.005745721563602055,0.26552626310297095,0.002944916891449783,0.0031191878906070515,0.0023757540695930625,0.26631376136566226,0.002111291133488537,0.0021825486654132105,0.0025152649161825275,0.0005481089764232481,0.0009722706915079215,6.802069653950075e-05,0.0,0.0005164269678628576,0.0,0.0005447456241368385,0.00048663783827958127,0.26525932311497896,0.2613177792998155,3.143387082431965e-05,0.0,0.18699770216853068,0.0013858747334315068,0.0015614123351917102,0.001395048606861154,0.00035471003704287446,0.0010111566374719915,0.0006131884429941348,0.00043669585028683944,0.0002674698925930834,0.00028272041843208355
0.00047120414963585863,0.0009863637885840688,0.0008709621520446299,0.00010137230462321549,0.000984217490511977,0.0001335925113148188,0.000988032371275433,0.0,0.0010743549980538113,0.0014833335191654447,0.006393042799035562,0.006451252572401953,0.00010864421000929209,0.0012314569111993648,0.004687215393826842,0.0004709610034057213,0.0034412871019090987,0.0,0.0018839429080553208,0.001067510866388785,0.007803789879369439,0.008129720029710717,0.0,0.0012234746657927326,0.0031747684956972117,0.00751001732954028,0.0005285189219380112,0.007218568222052184,0.0030676969748846305,0.001347062329168423,0.004310736283818841,0.0072699758004124435,0.0036019729489684816,0.0035839715380750555,0.0018127604197196775,0.0073194531113642625,0.0025697533776553047,0.006912290292897504,0.0013388125110485125,0.0014794633744542993,0.008073888512322918,0.00039422452889303927,0.0063209167171915355,0.0033803646530908807,0.006646388372371338,0.005801623091834548,0.00039251356836243637,0.0002943853033900255,0.0003603967208718951,0.0028595510999869563,0.00037550629083476063,0.0037945657696359567,0.008071158360240836,0.0005661158039252542,0.007715898036140926,0.005250408445063778,0.0007764516097427999,0.0005121301392918711,0.0003900168118274331,0.0029341957234138073,0.00047375389832675753,0.0006463753205297023,0.0005837415893431598,0.00041833253252222504,0.004798629451277818,0.004900370061920502,0.0041489254636865374,0.00019037110058706634,0.00036866732096775285,0.0009905141435839488,0.004019730253936569,0.003683200819676759,0.004149413894395075,0.00416601655141394,0.0010116833208935103,0.1677972641057677,0.00040512290080881047,0.0016883224439844919,0.0,0.0010688693920604803,0.010610141213294339,0.010559509649498013,0.0009190948913018492,0.005412179825981458,0.0057324557524875775,0.004366170157221285,0.0009142158285065227,0.0038801391348653046,0.004011096506820915,0.004622563738856584,0.0010073168289570504,0.0017868428943615042,0.00012500870317568017,0.0,0.0009490915092290281,0.0,0.0010011356469192731,0.0008943449299173159,0.0009557988534736291,0.0009281314705257694,5.776929122238728e-05,0.0,0.00019902028624774835,0.0025469660265770287,0.002869569720319991,0.0025638258071861864,0.0006518874988052669,0.001858307638535435,0.001126920128148013,0.000802561348292824,0.0004915572187971194,0.000519584695063457
0.00015869618207492675,0.00033219607150365325,0.000293330116825283,3.414103573636374e-05,0.00033147322279805744,4.499243378023473e-05,0.0003327580311188231,0.0,0.0003618305070445847,0.0004995698073058889,0.0021531038825370703,0.0021727082701466296,3.65901305121043e-05,0.00041474063916488316,0.0015786006726340963,0.00015861429319844174,0.0011589862375335571,0.0,0.0006344904793104182,0.00035952548157802835,0.002628227405314509,0.0027379969617206644,0.0,0.0004120523099738169,0.0010692258114200718,0.0025292881619051904,0.00017799914353626857,0.002431131427370383,0.0010331653446880964,0.0004536752251039993,0.0014518068032774558,0.0024484449133016836,0.001213103397710321,0.0012070407278824843,0.0006105170292926517,0.002465108307190417,0.0008654636217087546,0.0023279805148662736,0.00045089678047558504,0.0004982663867179952,0.0027191935435934233,0.00013277032399642302,0.002128812640990247,0.0011384682517781729,0.0022384277814565543,0.001953920472099785,0.00013219409200844625,9.914561181829371e-05,0.00012137750416436565,0.0009630641885619606,0.00012646623495706717,0.0012779664626018092,0.0027182740595179007,0.00019066134448230828,0.0025986264351900473,0.0017682776673538987,0.0002615000443594062,0.0001724795885051676,0.00013135321289059086,0.000988203646182222,0.00015955490834635046,0.0002176918340697793,0.0001965975079351454,0.00014088962459332316,0.0016161236561659906,0.001650388733168055,0.0013973107650034852,6.411481491390964e-05,0.00012416294792519717,0.0003335938637201388,0.0013537992922256386,0.0012404600179129256,0.0013974752628940774,0.0014030668483740202,0.0003407234011388788,0.0,0.00013644077132843842,0.0005686077386602003,0.0,0.00035998301752612104,0.003573374519572579,0.0035563223864935947,0.0003095406743062211,0.0018227604229503092,0.001930625701272474,0.0014704762994467717,0.0003078974616173675,0.0013067865957854742,0.0013508915446913399,0.00155682673278969,0.0003392528164678554,0.0006017883024205501,4.210150512352047e-05,0.0,0.00031964319302105497,0.0,0.00033717106487279126,0.00030120516966080887,0.0003219021500448905,0.0003125840910990528,1.9456038248500533e-05,0.0,6.702776197404943e-05,0.000857789101824925,0.000966438345597164,0.0008634672835967998,0.00021954827282976135,0.0006258568129846622,0.0003795338431944641,0.00027029350644174456,0.0001655508635795252,0.00017499019784706222
0.004450764372838707,0.0093167108402606,0.008226683316364768,0.0009575133032216078,0.009296437956415793,0.00126184964690472,0.009332471457822218,0.0,0.010147832850823454,0.014010844312896968,0.3655699943993339,0.36736431717932033,0.0010262001716204012,0.011631740830991683,0.31375799475110167,0.004448467732243919,0.28574218395735484,0.0,0.017794805037507817,0.010083186524170234,0.3880505352446689,0.3989691407374863,0.0,0.011556344437520728,0.029987313404560425,0.3725066352579372,0.004992131733030499,0.366969438526746,0.02897596808736285,0.012723693174793058,0.29533512072385903,0.3712854633617718,0.034022478124580764,0.03385244558491149,0.01712245000137514,0.36658588815615945,0.024272635945776024,0.36020975827536067,0.012645769420091676,0.013974288815218495,0.3892062673393681,0.0037236524539357263,0.34644100568340036,0.03192927434278099,0.3544341127664993,0.33399001843305,0.0037074915559919676,0.0027806198676904215,0.003404131492865907,0.2728008690402512,0.0035468491147960294,0.035841615891838825,0.07623622182669637,0.005347253526860107,0.07288060623033774,0.04959279511481408,0.007333982870369715,0.00483733129255898,0.003683908412587497,0.2664445863983394,0.004474848054278936,0.006105345740946909,0.005513738091654238,0.003951364887571901,0.3363397071917856,0.34010011329418205,0.03918872457640615,0.0017981524839409632,0.0034822515439670845,0.009355913067538052,0.3129181319636668,0.0347897169388173,0.039193338054445026,0.3165082556407808,0.0095558667823865,0.0,0.0038265931548657705,0.23362338458699042,0.0,0.010096018494482559,0.10021821441812784,0.09973997338298426,0.008681321674746632,0.0511208086080945,0.05414597866288483,0.32624204007180624,0.008635236429361879,0.3101034057795793,0.037886859532906235,0.334940776577984,0.00951462303111627,0.24191129267635744,0.0011807711855234162,0.0,0.008964655084435648,0.0,0.009456238603014295,0.008447545621533728,0.00902800938389015,0.008766676790768504,0.0005456605240328261,0.0,0.0018798484694758527,0.28369948365741604,0.30016913154448105,0.28431507421818597,0.006157411086094181,0.24786201166214458,0.01064433740932046,0.0075806027148944055,0.004643009528512453,0.004907743387336062
0.004784282819931677,0.010014859443772521,0.00884315060480261,0.001029264652699956,0.009993067409469135,0.001356406468934833,0.010031801084694179,0.0,0.010908261660404992,0.01506074824989608,0.37886070557931084,0.3807319746732972,0.0011030985780456067,0.012503366424701992,0.3248159331045314,0.004781814080357805,0.29545158563439083,0.0,0.019128260427474123,0.01083877105518083,0.40260273873052005,0.4139772242795446,0.0,0.01242232019539153,0.03223441555631966,0.3864841446453947,0.005366217594201786,0.3806606872892306,0.031147284982610882,0.013677144320138189,0.3056995717325214,0.38512311931046855,0.03657195572434134,0.03638918178031197,0.01840552240344063,0.38031015657456646,0.02609150820441346,0.37357316063549034,0.013593381341545686,0.015021453462559228,0.40390956458200244,0.004002684700964896,0.35915079809597755,0.03432189752018317,0.36751555696051763,0.3461155135388992,0.0039853127846129896,0.002988985879130491,0.003659220406610579,0.2818846337940496,0.0038126325869696776,0.038527410751368674,0.08194899028306332,0.005747950473068769,0.07834192131623013,0.05330903588339544,0.007883555566884328,0.005199817168156907,0.003959962436138347,0.2753783640822153,0.0048101712143068884,0.006562850398554192,0.005926910574391846,0.004247460787243204,0.3480948849751806,0.3520077097730936,0.04212533534017502,0.001932897209530167,0.0037431943910920733,0.010056999293639908,0.3236605899829731,0.0373966876513194,0.042130294529624836,0.3274176855786645,0.010271936558926062,0.0,0.004113339273005792,0.24107062592031717,0.0,0.010852564590395986,0.10772807574602508,0.10721399767391088,0.009331857331351013,0.05495155121158,0.05820341266909274,0.33751841738000654,0.009282318683766758,0.32070408581594023,0.0407259149171357,0.34657892065720686,0.010227602203273378,0.2496395890760543,0.0012692523854204844,0.0,0.009636422356756585,0.0,0.010164842732557645,0.009080563247592413,0.009704524116602315,0.009423608541023852,0.0005865496467475597,0.0,0.0020207150914286565,0.29295984241505707,0.31004335914987263,0.29360047367710906,0.006618817265239394,0.25579242298957644,0.011441971834713755,0.00814865589266526,0.004990933884435988,0.005275505599881846
0.004341607626832882,0.009088214844155689,0.008024920673813994,0.0009340299130258026,0.009068439160757202,0.0012309022882340864,0.009103588926375519,0.0,0.009898953260664341,0.01366722284793619,0.3620923493795213,0.3638650454439342,0.001001032208973739,0.011346467814239205,0.3109090770985734,0.004339367312251578,0.2832881899732062,0.0,0.01735838044815946,0.009835892410587176,0.38418618524380194,0.3949779941340718,0.0,0.011272920546959268,0.029251862754178997,0.368793880574198,0.004869697739684212,0.3633424157729144,0.028265321078483365,0.012411639597521545,0.29267068239052263,0.36762147109331156,0.03318806347306667,0.033022201048278924,0.016702515183615867,0.3629442386959319,0.023677340006724744,0.35667898432501105,0.012335626953538958,0.013631563888209628,0.38528847763039203,0.0036323284135958886,0.3431007630098901,0.031146196336932226,0.35098629140663357,0.3308194422349577,0.003616563868027654,0.002712424072269636,0.0033206438297119496,0.2705303558156014,0.0034598612458566,0.03496258617141164,0.07436649851508625,0.0052161100319084875,0.07109318071044629,0.04837651231784047,0.007154114057210906,0.0047186938408731015,0.0035935591104865956,0.26420298010689225,0.004365100646517596,0.005955609736410401,0.005378511497299736,0.0038544561102748644,0.33332412442359777,0.33704264668462447,0.03822760569961632,0.001754052087351309,0.003396847955847955,0.009126455621397293,0.31018808662478864,0.03393648545375377,0.03823210603029256,0.31372987410121367,0.009321505392779808,0.0,0.003732744453365787,0.23180813183104662,0.0,0.009848409671782863,0.09776032330999448,0.0972938113242523,0.00846840884772119,0.049867050679478934,0.052818027249368016,0.3233659777272898,0.008423453861097335,0.30741548638494576,0.03695766940812008,0.33196425242123034,0.009281273160723942,0.24002508192234218,0.001151812307993135,0.0,0.008744793394148624,0.0,0.009224320633674267,0.00824036624411945,0.008806593904502063,0.008551670595966343,0.000532277985161359,0.0,0.0018337444467232081,0.28141076137733156,0.29771786005992085,0.28201946068011385,0.006006398158499106,0.2459247295622078,0.010383280849669687,0.0073946854530931375,0.004529137894484967,0.004787379051344145
0.0014599510039056552,0.24513032530693468,0.23728883146656346,0.0003140859392203251,0.0030494411274707444,0.00041391511759620724,0.0030612609278793178,0.0,0.003328717837421089,0.25025115840051776,0.019807824824286103,0.01998817853536666,0.00033661677978468325,0.0038154730919951396,0.014522590314681673,0.0014591976540400833,0.010662279954542732,0.0,0.25677408322809636,0.0033075123855952964,0.024178799947875463,0.025188642604315553,0.0,0.003790741376020567,0.31636639193590943,0.02326859249453609,0.0016375316967450872,0.022365583857210877,0.3148282701188882,0.0041736580658568705,0.013356129758189452,0.022524862050523536,0.011160139457497168,0.011104364953121759,0.26111871340314696,0.02267815961772551,0.2936053580479858,0.021416630477897332,0.004148097318449381,0.004583881615739976,0.025015657540574315,0.0012214419104042353,0.019584353647987367,0.32472713970184847,0.020592775730199082,0.017975405063286622,0.0012161407717232045,0.0009121059726478937,0.0011166318353686851,0.008859863611922179,0.0011634464312352858,0.29187399250990614,0.37476066317025863,0.0017540196471237412,0.3652512186504649,0.320404184154726,0.002405711639008658,0.0015867536641332898,0.001208404969284702,0.009091138088160144,0.0014678509940985718,0.00200269097552821,0.00180863033579315,0.0012961367197088446,0.014867789025581097,0.015183016102338688,0.3005483220165798,0.0005898345327211041,0.0011422569724184773,0.0030689503040787496,0.012454493926252185,0.28836952459739457,0.3022065241951835,0.012907738718397522,0.22988724173395794,0.0,0.0012552087798846157,0.005230998175454166,0.0,0.003311721561002084,0.3756772175292617,0.374175657626239,0.002847669126593319,0.31051760314431776,0.31990589655633805,0.013527882785379097,0.002832552127662684,0.012021993077985257,0.28592706346605484,0.01432227745951915,0.003121010748363305,0.005536248098538054,0.00038731955531231497,0.0,0.0029406088693574753,0.0,0.003101859340362444,0.0027709853134352674,0.0029613905071486815,0.0028756675279656987,0.0001789889473176747,0.0,0.0006166326568421192,0.007891368550740277,0.008890904711250923,0.007943605895519587,0.002019769581931265,0.0057576702254043405,0.24186296190452142,0.0024866085051276853,0.001523011746850102,0.0016098504178244627
0.004084963964422995,0.008550986945449073,0.007550546845200912,0.0008788169877034387,0.008532380253873503,0.0011581404685411464,0.008565452225882512,0.0,0.009313800516058892,0.01285931793617308,0.3501161109713507,0.3518224644264362,0.0009418586045435541,0.010675748738368566,0.300855557014126,0.0040828560806342685,0.27436548622445256,0.0,0.01633228165835021,0.009254467356024115,0.37118675553545033,0.3815828324810507,0.0,0.010606549040389527,0.02752270944627855,0.35630985858182246,0.004581837304066403,0.3510946290390787,0.026594484802091187,0.011677955460997393,0.2832360040012435,0.35523907146925565,0.03122623115423203,0.03107017328660662,0.01571518628689865,0.350678702360777,0.02227771116465852,0.34470563650675945,0.011606436121112718,0.012825766869837293,0.3721807781536189,0.003417612081014546,0.33167726613099197,0.029305064068634937,0.33924861752695945,0.319888809751263,0.0034027794185317022,0.002552085665912119,0.003124351979488316,0.2621317573786547,0.003255339893885784,0.032895857223614475,0.0699705023358014,0.004907772269221605,0.06689067881756873,0.04551685148180944,0.006731215861253934,0.0044397596364949676,0.003381134531742595,0.2559602652401034,0.004107068250916875,0.005603558232449104,0.005060573763717016,0.0036266092347015553,0.32261069306725293,0.3261958853676215,0.03596787299800703,0.0016503655291802448,0.0031960514825207925,0.008586967211385138,0.3003460110405071,0.031930411974809565,0.03597210730249065,0.3037466569967351,0.008770487086014564,0.0,0.00351209226880833,0.22482996684346143,0.0,0.009266244689517266,0.09198145760651913,0.09154252235153418,0.0079678192854514,0.046919280263547344,0.04969581697159788,0.31305544434967997,0.007925521704425278,0.29769108417412976,0.0347730059271521,0.32133936539049573,0.008732633085311962,0.232788479752408,0.0010837257017081302,0.0,0.008227866026087672,0.0,0.00867904716952287,0.007753256870296928,0.008286013348341408,0.008046159216285825,0.0005008136559834553,0.0,0.0017253470669548873,0.2727968934277146,0.28855469456667354,0.27338370856384836,0.005651344419473473,0.23850236461379196,0.0097694982478933,0.006957566459354096,0.004261408832647114,0.00450438468642554
0.0012725615055041689,0.23620478782250448,0.22867300104190708,0.0002737719790613855,0.0026580353599121665,0.000360787755061678,0.0026683380501822196,0.0,0.0029014659884167597,0.24100175045033173,0.017265425559983564,0.017422630280883068,0.0002934109123626751,0.003325744610038806,0.0126585682295033,0.0012719048505640102,0.009293741361704385,0.0,0.24717917659603583,0.0028829823258636083,0.02107537169441946,0.021955597734720726,0.0,0.0033041872909026805,0.30429846047121,0.020281992352205905,0.0014273491341462764,0.01949488783436683,0.30284544471173264,0.0036379553680485396,0.011641826710157836,0.019633722149308697,0.00972769896501734,0.00967908330115818,0.25139118921824666,0.019767343471111146,0.2825142930525704,0.018667735732822363,0.003615675426382233,0.00399552538021742,0.021804815871113385,0.001064665836203875,0.01707063764190499,0.31230517929279517,0.01794962544333803,0.01566820288365067,0.0010600451160545199,0.0007950341803437363,0.0009733084779621022,0.007722671066622918,0.0010141142669483063,0.2804906454949302,0.3592218643903108,0.001528885474140145,0.3501501138078391,0.3075951712204029,0.0020969306620262397,0.0013830886285168805,0.0010533022292240108,0.007924260705507197,0.001279447506052455,0.0017456390221726116,0.0015764867018552176,0.0011297733218165655,0.01295945955398274,0.013234226201836792,0.28875697922435195,0.0005141273364310938,0.0009956445446489958,0.0026750404697336713,0.010855918793633849,0.277141837149086,0.2903565877759754,0.011250988130557752,0.2214917293458348,0.0,0.0010940986172678707,0.004559582407654336,0.0,0.002886651239805421,0.3593737054269107,0.35793968187559994,0.002482161456939903,0.298010433625822,0.3069753954836225,0.011791534673144696,0.0024689847743893174,0.010478930847374002,0.27469088842628875,0.012483966186109018,0.002720418785292713,0.004825652502222912,0.0003376058204014194,0.0,0.002563172078979084,0.0,0.002703725523304534,0.002415320262640127,0.002581286325418637,0.0025065661716918556,0.00015601512904052608,0.0,0.0005374858334524982,0.006878485522153344,0.007749727939071803,0.006924018032448599,0.0017605255334445958,0.005018654373082342,0.23301205576901562,0.002167444150125222,0.0013275281953210975,0.0014032208381395783
0.005137256405957096,0.010753733165175845,0.00949557829317756,0.0011052014752304226,0.010730333363776672,0.0014564790761505658,0.010771924722119271,0.0,0.01171304858051264,0.01617189625641543,0.38290999466137343,0.38482185176661676,0.0011844827009093678,0.013425836573400247,0.32767393048997356,0.0051346055283505955,0.2974156507665665,0.0,0.020539500300122377,0.011638431115308785,0.4076866127271584,0.4192862471691799,0.0,0.01333881093625161,0.034612597967473645,0.39137890498649625,0.0057621250141659695,0.38534387471222903,0.033445261354213614,0.014686213152180043,0.30831158522513663,0.3898355318118414,0.039270152057175996,0.03907389346416492,0.01976344029624331,0.38507215483639345,0.02801648077864243,0.3780362904614295,0.014596270330120344,0.016129702388376112,0.40919914854249384,0.004297993742216109,0.36319076949565143,0.03685408963817944,0.37178741373747776,0.3497847770563204,0.004279340165092537,0.0032095065097129233,0.003929189427588558,0.28343097509259235,0.00409392001228942,0.04136987614169422,0.08799500178783227,0.006172021283080908,0.08412181141551689,0.05724205620671914,0.008465186499629553,0.005583447940333349,0.004252119525135371,0.2769977351410687,0.005165054787626746,0.00704704268544728,0.006364184656680515,0.004560828855562586,0.3509841613700134,0.35496641403701484,0.045233247484415116,0.0020755020021699403,0.0040193588230753976,0.01079898199803653,0.32600533692004985,0.040155730843909616,0.04523857255166727,0.3298666615266236,0.01102977684953863,0.0,0.004416812158781552,0.2418077538621304,0.0,0.011653242306413467,0.11567600998044722,0.11512400438869404,0.010020340698764398,0.0590057526078695,0.062497529062701014,0.3400983167017182,0.009967147201593952,0.3229478929888499,0.043730580981729425,0.3493356681696117,0.010982171605209872,0.2504326858265431,0.0013628949611032464,0.0,0.01034737584419454,0.0,0.010914781882423067,0.00975050670479779,0.010420501998143228,0.010118861105560258,0.0006298239555597182,0.0,0.002169798889147672,0.294238459293091,0.31153110308061205,0.2948906140027083,0.007107138661212359,0.2566262666196145,0.012286134686641153,0.00874984532898756,0.005359153719489617,0.005664720493685734
0.0008325833205707336,0.0017428327807059634,0.0015389265166725213,0.00017911745909353441,0.0017390404287558003,0.0002360482112897987,0.0017457810444657296,0.0,0.0018983068218789189,0.0026209420011581597,0.011296039744737385,0.011398892163241156,0.00019196638484661767,0.0021758944293221497,0.008281967295573296,0.0008321536989389446,0.006080502993360466,0.0,0.0033287895349956727,0.0018862137410508022,0.013788726809436488,0.014364621582551213,0.0,0.0021617903846285706,0.005609584079922929,0.013269652167970976,0.0009338543375555334,0.01275468287944213,0.005420396522034088,0.0023801607602596574,0.0076167562022962,0.012845516316131428,0.006364423150296284,0.0063326159718828726,0.0032030152765330166,0.012932939111276624,0.004540566550336024,0.012213512145970898,0.0023655839341224357,0.002614103738088566,0.014265971368678606,0.0006965659525066745,0.011168598225455635,0.005972857475438835,0.011743682871103741,0.010251044313239343,0.0006935428101998086,0.0005201573322584295,0.2752002097750637,0.005052617961893374,0.0006634921928425486,0.00670472059944508,0.014261147389331394,0.0010002852823429147,0.013633428341155104,0.009277088287363322,0.001371933290489332,0.31227581062648624,0.0006891312237395112,0.005184509560223963,0.0008370885403005039,0.001142097986865091,0.3353376093568494,0.0007391630343223378,0.008478827798568605,0.008658596027501311,0.00733084830009682,0.0003363718320179726,0.000651408232534566,0.0017501661548921165,0.0071025697995390855,0.006507946865801445,0.007331711321488929,0.007361047003956376,0.001787570545222221,0.0,0.0007158225797784415,0.0029831424610606443,0.0,0.001888614156700144,0.018747344669854178,0.018657882394227335,0.0016239735518268385,0.009562926503350682,0.010128830675874207,0.007714703808286447,0.0016153526041833483,0.006855922486419382,0.00708731459890455,0.008167732542723329,0.0017798552728535196,0.003157220901970824,0.000220881249179747,0.0,0.001676975385064093,0.0,0.0017689335756018267,0.001580242177539375,0.0016888267725098463,0.0016399405273780216,0.19965785299226835,0.0,0.0003516543114340992,0.004500302965131131,0.0050703201323663225,0.004530092966205005,0.0011518376033260117,0.0032834938858867123,0.001991185567946592,0.0014180672917242796,0.0008685457074028169,0.0009180682111309317
0.0008286379335578387,0.0017345739678655489,0.0015316339604290016,0.00017826866993402328,0.0017307995868448567,0.00023492964270425292,0.0017375082606013216,0.0,0.001889311259637297,0.0026085220663871504,0.011242510869722836,0.0113448758984529,0.00019105670810559558,0.0021655834545394794,0.008242721294119926,0.0008282103477866834,0.006051689135396771,0.0,0.0033130153023446657,0.0018772754846461655,0.013723385765081912,0.014296551528735948,0.0,0.0021515462450963654,0.0055830017792331986,0.013206770877851886,0.0009294290546027103,0.01269424188940207,0.005394710729976529,0.0023688818226204906,0.0075806624561707975,0.01278464489101948,0.006334263871553431,0.006302607418749733,0.0031878370540513647,0.01287165341319993,0.004519050034383485,0.0121556356175659,0.0023543740721170326,0.002601716207995429,0.014198368791526661,0.0006932651149871812,0.011115673261308214,0.005944553720449714,0.011688032736470436,0.010202467388740864,0.0006902562985334772,0.0005176924474443218,0.27476973681285966,0.0050286749728910155,0.0006603480829185072,0.006672948743194099,0.014193567671711933,0.0009955452011226474,0.013568823214209309,0.009233126676864867,0.001365432069947052,0.3117867632714446,0.0006858656173873948,0.0051599415726343075,0.0008331218042706729,0.0011366858936204876,0.3348122555206771,0.0007356603407612563,0.008438648928472929,0.008617565284423988,0.007296109394137389,0.0003347778569469402,0.0006483213852278331,0.0017418725911762531,0.007068912643608952,0.0064771074670163,0.007296968325904699,0.0073261649945128,0.0017790997322242891,0.0,0.00071243049031422,0.0029690061563417197,0.0,0.001879664525375431,0.018658506077536486,0.01856946773942037,0.001616277980702174,0.009517610382910362,0.0100808328887254,0.007678145914966326,0.0016076978853962584,0.006823434125349661,0.007053729733241319,0.008129027868845453,0.0017714210204431609,0.0031422596866357184,0.0002198345527226186,0.0,0.001669028652596957,0.0,0.0017605510781587264,0.0015727538375613199,0.001680823879525248,0.0016321692930777708,0.19934668992290755,0.0,0.0003499879168294014,0.004478977247411316,0.005046293257569285,0.00450862608173293,0.0011463793566750813,0.003267934297057315,0.0019817498784655044,0.0014113474546365702,0.000864429904372145,0.0009137177343586322
0.0003287219707615531,0.0006881082195938967,0.0006076015996465371,7.071946157973302e-05,0.0006866109167101151,9.319695854191685e-05,0.000689272258134533,0.0,0.0007494927464681591,0.0010348048040187035,0.0044599217338938246,0.004500530101696555,7.579249642365355e-05,0.0008590903604525134,0.00326990049394377,0.00032855234681402235,0.002400714592539287,0.0,0.0013142783781016766,0.0007447181356103865,0.005444088704519689,0.005671464463908887,0.0,0.0008535217774016253,0.0022147855816290517,0.005239146766699076,0.000368705966911572,0.005035825711347118,0.002140090226418051,0.0009397391426308312,0.0030072607122524943,0.005071688724191388,0.0025128124345461314,0.0025002542699587675,0.0012646199702385746,0.005106205141707306,0.0017927142520430058,0.004822159756685435,0.0009339838952016714,0.0010321049092967167,0.005632515217726507,0.0002750193608447858,0.004409605055262281,0.002358213805025806,0.0046366609587393855,0.004047334850165028,0.00027382575862810397,0.00020536940765141892,0.00025142036722843644,0.001994883266218046,0.0002619611224815278,0.002647169255497865,0.005630610605949222,0.00039493434616266076,0.005382773497634795,0.0036627958660768174,0.0005416690484429678,0.0003572728058624064,0.0002720839685158304,0.0020469569326715155,0.0003305007293214398,0.0004509250807327455,0.00040723046648178735,0.0002918376135495568,0.0033476252944662794,0.003418601694107054,0.0028943780652606536,0.00013280690208137335,0.00025719011260311533,0.0006910035949338109,0.002804248757200058,0.0025694787133992017,0.002894718804842883,0.0029063011691733676,0.0007057716603041545,0.0,0.00028262229536268684,0.0011778094091413095,0.0,0.000745665871822971,0.007401858689885928,0.00736653704119771,0.0006411800155391232,0.003775650999439232,0.00399908225281409,0.00304593255358895,0.0006377762782443888,0.0027068670431438955,0.00279822567279151,0.0032247981334249947,0.0007027255032705699,0.0012465393569426487,8.720871261853677e-05,0.0,0.0006621062899974949,0.0,0.0006984133800800928,0.0006239139195404284,0.0006667854750606256,0.000647484124137754,4.030107815221176e-05,0.18222018627457814,0.0001388407567451303,0.001776817314461546,0.0020018724674437404,0.0017885790536413318,0.00045477049276346064,0.0012963946724422663,0.0007861632918596985,0.0005598837537227613,0.0003429207018442612,0.00036247326147444077
0.003486799234241294,0.007298858690816042,0.006444913881062425,0.0007501310725014973,0.007282976592833659,0.0009885529796646619,0.007311205807994473,0.0,0.00794997282475599,0.010976317128674364,0.3322496103219549,0.3338423070627852,0.0008039414520392026,0.009112489816334021,0.2862951343722899,0.0034850000096595317,0.261905811891812,0.0,0.01394073183404262,0.007899327869555361,0.3512368773837476,0.3609687098474186,0.0,0.009053423088689797,0.023492535811165952,0.33714089019221044,0.00391091499028524,0.3323845987009094,0.022700231887130343,0.009967942560458104,0.2696285076598068,0.3363413958144381,0.026653747701345334,0.026520541519339146,0.013413998260045223,0.3318833059798064,0.01901556706646545,0.326507952747294,0.00990689585803547,0.01094767897337447,0.3519326135011878,0.0029171682518620524,0.314491746891927,0.025013898737865966,0.3214927698519133,0.30360360335253783,0.0029045075486986084,0.0021783816021685508,0.002666850475171553,0.2506484844088328,0.0027786577184162214,0.028078889012479076,0.05972466246673793,0.004189123022672663,0.057095820112558426,0.03885178040102136,0.005745558226447726,0.0037896418758084963,0.0028860321409988595,0.2446078518393833,0.00350566677135828,0.00478302445850091,0.00431954966502195,0.003095561775472341,0.3072209544507532,0.3105875494239778,0.030701066917356173,0.0014087011081324755,0.0027280509592997955,0.007329570335963052,0.2864583119396744,0.02725481472845777,0.030704681189051012,0.2896026968062976,0.007486217240048117,0.0,0.002997813625804015,0.21573178521519681,0.0,0.007909380638138628,0.07851253493055256,0.07813787333640082,0.006801084764773248,0.04004885034945416,0.042418816437720705,0.29840680294462174,0.006764980854330802,0.2840283929336802,0.029681165242834175,0.3061646931385581,0.007453906232702077,0.22333015888750776,0.0009250348301119627,0.0,0.007023052641115469,0.0,0.007408166947908673,0.006617940905641735,0.007072685401764842,0.006867953313240984,0.0004274790885278599,0.0,0.0014727030358781944,0.26126787123395834,0.276187285774227,0.2618187033865006,0.004823813273720586,0.22878476020846814,0.008338942352086976,0.005938764114920524,0.00363740713109616,0.0038448038249892505
3.851978386772751e-05,8.063282121045181e-05,7.119902038141314e-05,8.286937343988398e-06,8.045736660565566e-05,1.092086023896542e-05,8.076922375420372e-05,0.0,8.782588683530617e-05,0.00012125887814477846,0.0005226155734542817,0.0005273740797000263,8.881397779013645e-06,0.00010066858303025647,0.0003831683656674556,3.8499907259594104e-05,0.0002813167827464506,0.0,0.00015400771341574467,8.726639585310068e-05,0.0006379406882022805,0.0006645846788310222,0.0,0.00010001605404026299,0.00025952954017665676,0.00061392550256685,4.3205125970960365e-05,0.000590100252645856,0.0002507767058833322,0.00011011904249150633,0.0003523921215290509,0.000594302696128433,0.0002944524567512601,0.0002929808855491287,0.00014818871952960224,0.0005983473449832729,0.00021007103773839982,0.0005650627829130228,0.000109444640088275,0.00012094250330401069,0.0006600205891801829,3.222688862152786e-05,0.000516719443112465,0.000276336521933841,0.0005433259528859593,0.00047426846251711594,3.2087021793326176e-05,2.4065276736595662e-05,2.946154825960528e-05,0.00023376129097195367,3.069671855628806e-05,0.00031019644761449885,0.000659797405941646,4.6278578888062696e-05,0.0006307557455240061,0.00042920801668966683,6.347301528255831e-05,4.186538317397452e-05,3.188291806849061e-05,0.00023986330591284968,3.872821957137388e-05,5.283959757883775e-05,4.7719443628581964e-05,3.4197658806799504e-05,0.00039227619168332313,0.0004005932371413381,0.00033916448373389813,1.5562370694192974e-05,3.013764953841413e-05,8.097210255526448e-05,0.0003286030921159333,0.0003010926360156756,0.00033920441174671774,0.0003405616382492661,8.270263089473693e-05,0.0,3.311780380347191e-05,0.0001380162201278862,0.0,8.737745199573633e-05,0.0008673530287413747,0.0008632140225466569,7.513375379703052e-05,0.00044243243042572667,0.00046861420211976993,0.0003569237047590867,7.473490237668906e-05,0.0003171918604011136,0.0003278973044586712,0.0003778832513957121,8.234568088531407e-05,0.00014607002537982722,1.021915497058614e-05,0.0,7.758590376262539e-05,0.0,8.184038440962252e-05,7.311050513930209e-05,7.813421270860588e-05,7.587247199142249e-05,4.722497910508262e-06,0.0,1.626942041465657e-05,0.00020820822766100223,0.00023458028861910845,0.00020958647338660533,5.329020463732655e-05,0.00015191209298867484,9.212295733388385e-05,6.560742238947162e-05,4.018359736712586e-05,4.2474774830167096e-05
0.0014830344043097214,0.2465308587055165,0.2386419066802882,0.00031905197676330727,0.003097656081510793,0.00042045956214757174,0.0031096627657153262,0.0,0.003381348457536281,0.2516960409627109,0.02012100790394386,0.020304213201766792,0.00034193905422383244,0.003875799837809108,0.01475220813489702,0.001482269143170042,0.010830862103363169,0.0,0.258268094173791,0.0033598077246401407,0.024561092859756422,0.025586902218038807,0.0,0.003850677086723773,0.31823417680637933,0.023636494044624794,0.001663422839481518,0.022719207866554743,0.31668407099843227,0.004239648102526661,0.013567304578599303,0.022881004419937036,0.01133659330216282,0.011279936942702278,0.2626347380842272,0.023036725787057816,0.2953268335871239,0.021755250510559185,0.004213683212127078,0.004656357729293032,0.02541118207381913,0.001240754224730361,0.019894003407261447,0.3266481407289582,0.02091836973050434,0.018259615609661873,0.00123536926932778,0.0009265273520786052,0.0011342869893367206,0.008999947613873129,0.0011818417744687512,0.2936245999559722,0.3771097574931103,0.0017817525900258259,0.3675359387571925,0.32236028215333573,0.0024437485353643582,0.0016118419513934943,0.001227511155507144,0.009234878789085216,0.0014910593018702988,0.0020343556804053304,0.0018372267325984996,0.0013166300395527383,0.015102864809824909,0.015423075966741051,0.3023586102396191,0.0005991604530119377,0.0011603172874483205,0.0031174737192479676,0.01265141291145141,0.29009702813194477,0.30402609051795076,0.013111823992732594,0.23120343025646464,0.0,0.0012750549848457849,0.005313705899942125,0.0,0.0033640834516510745,0.378111869060971,0.3766003174712666,0.002892693847622725,0.3124236003183889,0.3218744828642134,0.013741773206440346,0.0028773378326303937,0.012212073758180451,0.287651311594247,0.014548728117391767,0.003170357295320796,0.005623782153621362,0.0003934434953320014,0.0,0.002987103067985742,0.0,0.003150903082898414,0.0028147975806501937,0.0030082132858901883,0.002921134933926189,0.00018181895567260115,0.0,0.0006263822843858049,0.008016139600936811,0.009031479506470194,0.008069202874492056,0.002051704318000454,0.005848705203189231,0.24324969694986529,0.0025259244682103266,0.0015470922056316553,0.0016353038896778894
0.0030464227033467914,0.006377025842458729,0.00563093274071333,0.0006553908545444803,0.006363149625154576,0.0008637004996265127,0.006387813540736246,0.0,0.006945905421364645,0.009590027831701034,0.31755837173742385,0.3190611224457308,0.0007024050790199087,0.007961598588149542,0.27421774748282124,0.00304485071762405,0.25145688630654706,0.0,0.012180042241444955,0.006901656833772323,0.3349656999617084,0.3441690046295783,0.0,0.007909991882968271,0.02052547039459712,0.32150896633267495,0.0034169733950445667,0.3171045798445708,0.01983323304452839,0.0087090091748411,0.2583275848553525,0.3209039300765075,0.023287426855341766,0.02317104437679104,0.011719834179368251,0.31654717339181604,0.016613934825788445,0.3116246127693564,0.008655672562168228,0.009565006624391243,0.3354488649972574,0.0025487350991370682,0.3003948056103597,0.021854687894249766,0.3069511614678745,0.29020750489778385,0.002537673420225735,0.0019032558870121605,0.002330032011654266,0.24095591779554032,0.0024277181992828174,0.02453257535803726,0.052181544007934566,0.0036600442486215104,0.04988471975930969,0.033944869758143564,0.005019904459242523,0.003311016858855316,0.0025215314236010436,0.23504720474484841,0.0030629073041419804,0.004178936991252028,0.0037739982384217344,0.0027045978385570714,0.2944245374617601,0.2976160932507891,0.026823576865432665,0.0012307846680419388,0.002383502983677314,0.006403858661542254,0.27484865758986216,0.02381258018784413,0.026826734661051916,0.2777932527188752,0.006540721340737369,0.0,0.0026191951060350973,0.2079368108163117,0.0,0.0069104399555944265,0.06859654165370613,0.06826919915136548,0.005942119876397049,0.03499075190489512,0.037061395498754965,0.2861862874437955,0.005910575825517564,0.2725919310379794,0.02593248695525567,0.2935252800737649,0.0065124911560509886,0.2152329749649165,0.0008082045791927618,0.0,0.006136053605434872,0.0,0.006472528661433836,0.005782106760368542,0.006179417836844347,0.006000543046332238,0.0003734892412813767,0.0,0.0012867032663448736,0.25147183356079944,0.2657063870404535,0.2519938752741527,0.004214574251782419,0.2204701064689428,0.007285748790416266,0.005188708788233924,0.00317800909116525,0.003359211952135952
0.0005295196166269179,0.0011084345831617504,0.0009787510258634845,0.2287405104078866,0.0011060226626954744,0.00015012570545127197,0.0011103096669608302,0.0,0.001207315443062842,0.0016669084875532885,0.007184235484005957,0.0072496492052151855,0.2323796988461532,0.0013838600360688172,0.0052672976252543975,0.0005292463790107673,0.0038671752536862452,0.0,0.0021170966494912574,0.0011996242926809765,0.00876957435191114,0.009135841092960091,0.0,0.0013748899208208762,0.0035676727338244795,0.008439444984244789,0.32706814238102794,0.008111926604403226,0.003447350213965192,0.0015137725944583745,0.004844226066666601,0.008169696301902875,0.004047747322497627,0.004027518085971597,0.0020371047309923054,0.008225296845207057,0.0028877819187571327,0.007767744211797808,0.001504501792128911,0.001662559379963043,0.009073099956860727,0.28690514400384065,0.0071031831943850635,0.0037987131406782694,0.00746893469764946,0.006519622625938603,0.00044109041569510767,0.00033081795462147265,0.00040499883886243557,0.003213444540673763,0.000421978344879768,0.004264175120605407,0.009070031925552098,0.0006361773844576671,0.008670805155657319,0.005900190541856232,0.0008725440109941515,0.0005755105408780643,0.00043828466459073546,0.003297327062529295,0.00053238491811109,0.0007263696896313204,0.0006559845087040269,0.2919951899462317,0.005392500107095615,0.005506831971924342,0.004662389799925828,0.00021393112152685593,0.00041429299511173317,0.0011130985794149683,0.0045172055990020795,0.004139027823720092,0.004662938678032558,0.004681596053156288,0.0011368876200291657,0.0,0.0004552602588259149,0.0018972665117065756,0.0,0.0012011509473027792,0.011923235209118638,0.011866337564496083,0.0010328405954447,0.006081982488448669,0.006441895248023069,0.004906520347001124,0.0010273577076923817,0.004360338907755282,0.004507503353242426,0.005194644785544469,0.0011319807380800455,0.0020079796944191255,0.00014047957903547478,0.0,0.0010665495465164987,0.0,0.001125034582904048,0.0010050276186829355,0.0010740869808869955,0.0010429955271658378,6.491872570419179e-05,0.0,0.00022365071648101486,0.0028621744417936215,0.003224703049330742,0.002881120761709255,0.0007325640462164903,0.002088288800284522,0.0012663859490355423,0.000901885048754371,0.0005523915488621926,0.0005838876604712274
0.0005267749414192965,0.001102689200320122,0.000973677835766707,0.22478882368526842,0.0011002897816348915,0.00014934755429531766,0.0011045545649400559,0.0,0.0012010575280389177,0.0016582683498596099,0.007146997216717066,0.007212071876986526,0.22836521899062182,0.001376687032061882,0.005239995480538232,0.0005265031200840303,0.0038471304060374812,0.0,0.0021061230377429126,0.0011934062434318187,0.00872411874923034,0.009088487008689628,0.0,0.0013677634118863752,0.0035491803067378104,0.008395700551202076,0.321422977207044,0.008069879807385627,0.0034294814582720035,0.0015059262107182355,0.004819116841686446,0.008127350065447158,0.004026766510127457,0.004006642128421189,0.0020265457437991623,0.008182662412756432,0.0028728135905053526,0.007727481425891836,0.001496703462021743,0.0016539417851316176,0.009026071080637979,0.2819522449120503,0.007066365047905409,0.0037790231547916277,0.007430220740227897,0.006485829266783284,0.0004388040982665117,0.00032910321580958615,0.0004028995960067659,0.0031967881954036177,0.00041979109163177273,0.004242072491416645,0.009023018951949771,0.0006328798667832644,0.008625861506369232,0.005869607903948254,0.0008680213269625582,0.0005725274795075816,0.00043601289029756473,0.003280235926420699,0.0005296253910987406,0.0007226046754258069,0.0006525843241573382,0.28695465308405993,0.005364548996529927,0.005478288241510433,0.004638223092422831,0.0002128222458082685,0.00041214557757200627,0.0011073290215390592,0.004493791429203639,0.004117573874338985,0.0046387691255129,0.004657329793294102,0.0011309947556921985,0.0,0.00045290049441647847,0.0018874323522280242,0.0,0.001194924984898075,0.011861433139760815,0.011804830414438066,0.0010274870412292781,0.006050457562789511,0.006408504775560559,0.004881088230174394,0.0010220325730965684,0.0043377378298704306,0.004484139473390871,0.005167719224512181,0.0011261133077342085,0.0019975716719179276,0.00013975142694129585,0.0,0.0010610212676650547,0.0,0.0011192031567765649,0.0009998182283197513,0.001068519633021683,0.0010375893365825554,6.458223048974503e-05,0.0,0.0002224914608889323,0.0028473388455595877,0.003207988347488688,0.002866186960436323,0.0007287669246132285,0.002077464509141156,0.0012598218520531895,0.0008972102804252795,0.0005495283208693955,0.0005808611777208056
0.000332298263305957,0.0006955944131384765,0.0006142119307593306,7.148884575751076e-05,0.0006940808205216796,9.421088404018038e-05,0.0006967711157013703,0.0,0.0007576467658513756,0.001046062842831722,0.004508442934982389,0.004549493096811467,7.661707209547042e-05,0.0008684367343621668,0.003305474997011945,0.244839881494534,0.002426832888431253,0.0,0.0013285769172409596,0.0007528202101687001,0.00550331703598759,0.0057331665035721905,0.0,0.0008628075685580126,0.0022388810844172695,0.005296145456130684,0.00037271726070336894,0.005090612392945204,0.002163373089754991,0.3043487708104261,0.0030399778562857677,0.005126865573277084,0.0025401502859052406,0.002527455496223177,0.001278378256490603,0.005161757508152963,0.001812217878767362,0.004874621884318116,0.29941667451282666,0.31405943026856636,0.0056937935135846435,0.0002780114020748785,0.004457578841883129,0.002383869718530722,0.004687104973720348,0.004091367360118099,0.00027680481420135544,0.00020760370029614505,0.0002541556659453042,0.0020165863672775937,0.0002648110981222919,0.0026759688263031847,0.005691868180804494,0.25928057557440926,0.005441334757422842,0.003702644828764578,0.0005475620740140701,0.00036115971390498087,0.0002750440744856282,0.0020692265631439472,0.00033409637366323423,0.24497325310171847,0.00041166088309726003,0.0002950126270087909,0.0033840453954845384,0.00345579397463092,0.0029258671156319966,0.00013425175936504884,0.00025998818259541324,0.000698521288378496,0.0028347572562206587,0.0025974330589649862,0.0029262115622509803,0.0029379199355704768,0.0007134500212027272,0.0,0.00028569705183681697,0.0011906232499651593,0.0,0.0007537782571674581,0.007482386352780025,0.007446680426312726,0.2920431744622149,0.003816727756457582,0.00404258980423228,0.0030790704234335514,0.2929085033201531,0.0027363160891041064,0.0028286686443640525,0.0032598819505944314,0.0007103707238570942,0.001260100937259937,8.815748968999988e-05,0.0,0.0006693095985656298,0.0,0.0007060116874226346,0.0006307017186450426,0.2917536005007569,0.28741693266061413,4.07395290564616e-05,0.0,0.2056243813815031,0.0017961479922977586,0.0020236516067071745,0.0018080376919544195,0.0004597181155795351,0.0013104986478805957,0.0007947162641871896,0.0005659749440667863,0.0003466514678362215,0.0003664167472705184
8.179363402425892e-05,0.0001712172501039604,0.00015118533987523708,1.7596638720084786e-05,0.00017084468649400218,2.3189560166883576e-05,0.00017150688983251993,0.0,0.00018649114102848186,0.0002574833839988351,0.0011097317445311924,0.0011198360462506176,1.885892719582813e-05,0.00021376156383411427,0.0008136269190579505,8.17514276604618e-05,0.0005973533509912348,0.0,0.00032702287716090245,0.00018530310734699677,0.0013546152636572297,0.0014111916148100963,0.0,0.00021237597149587525,0.0005510899100729043,0.001303620966502443,9.174257762649333e-05,0.001253029982418366,0.0005325039770022109,0.0002338288473159977,0.0007482760630318102,0.0012619535300011325,0.0006252458883922952,0.0006221211264060627,0.00031466671602700533,0.0012705420135015963,0.0004460687951644171,0.0011998649479713118,0.00023239680856042202,0.0002568115877076332,0.0014015001409473002,6.843118182338114e-05,0.0010972117903955737,0.000586778171451008,0.001153708553995002,0.0010070705792530063,6.813418596802151e-05,5.110066154173733e-05,6.255920605393473e-05,0.0004963731247416859,6.518198990836728e-05,0.0006586769749002319,0.0014010262294581821,9.82688053944242e-05,0.0013393586211503535,0.0009113883805252964,0.00013477979524146414,8.889774255681611e-05,6.770078827738249e-05,0.0005093302581098295,8.223623032023462e-05,0.00011220059596371635,0.00010132836470216039,7.261595232556149e-05,0.0008329666482333945,0.0008506272190894518,0.0007201882479875348,3.3045430822812334e-05,6.399485223388532e-05,0.00017193768649696191,0.0006977619902558436,0.0006393457700134929,0.000720273031881419,0.0007231549921805388,0.00017561232294231353,0.0,7.032296788814251e-05,0.00029306623934642216,0.0,0.00018553892605039545,0.0018417537452005929,0.001832964901548785,0.00015954042686339823,0.0009394693495418158,0.0009950642163095772,0.0007578985121488872,0.00015869349825088343,0.0006735311660681211,0.0006962633074611746,0.0008024044079451208,0.00017485436857434653,0.0003101678409946036,2.1699545993600646e-05,0.0,0.0001647473682508993,0.15779826335921676,0.00017378141252795786,0.00015524422258513486,0.00016591165778621342,0.0001611090349803763,1.0027840942691882e-05,0.0,3.4546793506236085e-05,0.00044211326918715396,0.0004981121997595556,0.0004450398621000993,0.00011315742347233745,0.00032257299730555067,0.00019561562139794664,0.00013931203546277833,8.532660692259411e-05,9.019173626859843e-05
0.001004947359348503,0.21864517594012123,0.21170448216596577,0.00021619892337726513,0.002099062092044343,0.0002849156603954181,0.002107198171390051,0.0,0.0022913003188350526,0.22290841545873633,0.013634581707435436,0.013758726959717358,0.00023170787447800837,0.0026263549928786266,0.009996526423555656,0.0010044287960843607,0.007339308001629771,0.0,0.22848741871401834,0.002276703690072092,0.016643312751475983,0.017338431086428366,0.0,0.0026093310841349,0.28096964044095085,0.01601677763197835,0.0011271838233550696,0.015395197768598557,0.2796621511966748,0.002872909187284948,0.009193601220658378,0.015504835831343902,0.0076820062096396,0.007643614208304559,0.23241927346785268,0.015610357170719038,0.2609958161524783,0.014741992154071232,0.002855314620384133,0.0031552837821136365,0.01721935799250368,0.0008407712444969484,0.01348075684077133,0.2883172017206297,0.014174897333100378,0.012373248008490658,0.0008371222416846686,0.0006278419523712537,0.0007686259410872311,0.006098626951979854,0.0008008504502449018,0.25866462810849916,0.3300768717496501,0.0012073675129554591,0.32179738095229593,0.2832555824174774,0.001655955270079694,0.0010922311094286265,0.0008317973546081726,0.006257823167166733,0.0010103852639507882,0.0013785387331931376,0.0012449584096524767,0.0008921869092465837,0.010234141612038582,0.010451126029690427,0.2661976627084857,0.0004060085951685378,0.0007862648301610703,0.0021124911012801537,0.008572966318544971,0.2556009351959321,0.267680654553675,0.00888495429333755,0.20499367675515148,0.0,0.0008640144398007588,0.0036007220715738534,0.0,0.0022796010473798167,0.3292747935055307,0.32796395470601053,0.0019601737054274087,0.2743084419929864,0.2825019088745117,0.009311826250589236,0.0019497680218695539,0.008275257296653765,0.25320662468617144,0.009858642429982847,0.00214832655457298,0.0038108387832469473,0.0002666087857016196,0.0,0.0020241481462267953,0.0,0.002135143812928372,0.0019073889233821213,0.0020384530454770717,0.0019794462148814114,0.00012320582641353438,0.0,0.00042445490192736905,0.0054319699534414925,0.006119993881909866,0.005467927174988588,0.001390294675933811,0.003963253200648851,0.21563264603488985,0.0017116400785207994,0.001048354793523377,0.001108129602987227
0.00031138412140801304,0.0006518151886698836,0.0005755547456524577,6.698949072201304e-05,0.0006503968583347739,8.828145251819576e-05,0.0006529178320904656,0.0,0.0007099620990346113,0.0009802258850592222,0.004224691180330006,0.004263157732780915,7.179495746366953e-05,0.0008137791839099256,0.0030974354711960587,0.2396637507472902,0.0022740932174913635,0.0,0.001244959127930014,0.0007054393164424764,0.005156950033479234,0.005372333267227984,0.0,0.0008085043057605543,0.0020979706979882768,0.004962817389713183,0.0003492592335665071,0.0047702201378840865,0.002027215014996499,0.29789208957581353,0.0028486481526019732,0.004804191620592364,0.0023802786603571665,0.002368382853583211,0.001197919863511059,0.004836887531721903,0.0016981607618584019,0.004567823609860734,0.29306422561826606,0.3073941005491434,0.005335438329010413,0.00026051395910182604,0.0041770283644508134,0.0022338340576050467,0.004392108612512495,0.0038338654500122927,0.00025938331128814,0.00019453756746916082,0.0002381596519762139,0.001889666734851255,0.00024814445404422545,0.002507549072341817,0.005333634172557108,0.25379716714116796,0.005098868786945662,0.003469608283294666,0.0005130996883249858,0.0003384290940417195,0.00025773338876385304,0.0019389938693885123,0.00031306906254560755,0.23978913285337466,0.0003857518276683366,0.0002764451633044554,0.0031710608168528916,0.0032382936938998553,0.0027417192978791416,0.00012580224079857932,0.00024362508250426815,0.0006545578526429573,0.002656343698132819,0.002433956178209858,0.0027420420657647063,0.002753013539111985,0.000668547002956175,0.0,0.0002677158905075505,0.0011156879693861104,0.0,0.0007063370660124198,0.007011460960752929,0.006978002288921588,0.285858577491767,0.003576511075544992,0.0037881578491574786,0.0028852803171934825,0.28670580567346804,0.0025640982075063948,0.002650638290482771,0.0030547119535953644,0.0006656615099987798,0.0011807928796571147,8.260904586004941e-05,0.0,0.000627184684102357,0.0,0.0006615768219934141,0.0005910067015607233,0.28557402559448325,0.2813296091411524,3.8175470240548506e-05,0.0,0.2012831009184513,0.0016831022796692959,0.0018962873032238666,0.0016942436670619398,0.0004307844407338337,0.001228018666173309,0.0007446985224377793,0.0005303536917221866,0.00032483396594701634,0.0003433552609721596
0.003857248261627221,0.008074313462197075,0.007129642745110479,0.0008298274666876707,0.008056743997849388,0.001093580102029486,0.00808797237774487,0.0,0.008794604104857858,0.012142477188785108,0.34882545593536907,0.3505110142862276,0.0008893548380634068,0.010080630728025954,0.30017883948716934,0.003855257881503778,0.2741951122112805,0.0,0.015421841069772086,0.008738578462919712,0.3692683028698084,0.3795530817006702,0.0,0.010015288556819683,0.025988460141024676,0.354458109884501,0.00432642347156305,0.3493673152752519,0.025111979240244678,0.011026969587393892,0.2826535944821295,0.3535094923985198,0.02948552958749164,0.029338171142263253,0.014839145587138622,0.34889475704455647,0.021035843501020994,0.34310354373798085,0.010959437082371692,0.012110796421604158,0.37012357120020284,0.003227097808749361,0.3303127293934779,0.02767145767259738,0.33775578582102395,0.31873074976292226,0.0032130919908093425,0.0024098200336887796,0.0029501854475465737,0.2621986225550783,0.003073871460325187,0.031062082602348537,0.06607000718991073,0.004634189241028292,0.06316186797123355,0.04297952143079757,0.006355985243832314,0.0041922659022359055,0.0031926536949840848,0.2559494352957153,0.0038781203479896957,0.005291188720215371,0.004778472839157834,0.0034244444474872465,0.32200703504577893,0.3255595606030516,0.03396284931869358,0.0015583661505761098,0.00301788807254895,0.008108288013611359,0.3000240766001127,0.030150455953966367,0.03396684758250957,0.3033670447139473,0.00828157760038703,0.0,0.003316311212661789,0.22529712603749344,0.0,0.00874969927072578,0.08685396506424235,0.08643949818913574,0.0075236543958371125,0.04430377203068718,0.04692553111687405,0.31262533602660403,0.007483714687113861,0.29742778976126094,0.03283458993328141,0.3208223501802404,0.008245833765269417,0.23325139441991438,0.001023313575199405,0.0,0.0077692048699654105,0.0,0.008195234988309494,0.007321052730296593,0.007824110778471557,0.007597627278990754,0.0004728958739331791,0.0,0.0016291678537867858,0.2730964631923229,0.2887774788407248,0.27367782045620553,0.005336311073419674,0.23896183987584355,0.00922489903505904,0.006569717961830344,0.004023857237167274,0.004253288438462242
0.0004844030496290281,0.0010139928258335617,0.0008953586739164269,0.00010421184436800106,0.0010117864078036324,0.00013733457130737887,0.0010157081471966684,0.0,0.0011044487571759075,0.0015248831761264675,0.006572118328446177,0.006631958615843238,0.00011168744310445412,0.0012659512521965277,0.004818508989771133,0.0004841530926295504,0.003537680998993797,0.0,0.0019367140350827008,0.001097412914530712,0.008022381846917056,0.008357441627085318,0.0,0.0012577454161043628,0.0032636969397878564,0.007720380433846922,0.0005433232660859741,0.007420767545064008,0.0031536262384790617,0.0013847948936651483,0.004431484322967095,0.00747361510116257,0.0037028678175053476,0.0036843621690700787,0.0018635376539820378,0.007524478321130021,0.0026417347425583783,0.007105910464473273,0.0013763139898801168,0.0015209046247872371,0.008300046212997876,0.0004052671526384681,0.0064979719228382485,0.003475052051389623,0.006832560364936524,0.005964132363126753,0.0004035082663904172,0.0003026313304717192,0.00037049179384680483,0.0029396499892332677,0.0003860245979917839,0.0039008553559004935,0.008297239586622596,0.0005819732743790615,0.007932028065163842,0.005397477642232866,0.000798200796702317,0.000526475417229735,0.000400941573205157,0.0030163854832952783,0.0004870242193335254,0.0006644809403981125,0.0006000927756931702,0.0004300504455858452,0.004933043866517241,0.005037634333525057,0.004265141019760547,0.0001957035857109347,0.0003789940617317367,0.0010182594364322563,0.004132326922837357,0.003786370962196177,0.00426564313190224,0.004282710845966509,0.0010400215835924904,0.16905473086288716,0.00041647079886287147,0.001735614045961248,0.0,0.0010988094938666055,0.010907341891378134,0.010855292086788383,0.0009448396593899499,0.005563780401492903,0.005893027577355464,0.0044884709546630305,0.0009398239291608887,0.0039888257167645675,0.004123451335821027,0.004752046377216983,0.0010355327818452307,0.0018368941527903788,0.00012851032210829498,0.0,0.0009756765126173913,0.0,0.0010291784587100775,0.0009193964268077809,0.0009825717362895664,0.0009541293622452071,5.938746690719353e-05,0.0,0.00020459504372139533,0.002618309094962078,0.00294994924115231,0.002635641134905835,0.0006701475203058784,0.001910360695997952,0.0011584862891913942,0.00082504189516977,0.0005053262286346547,0.0005341387825718621
0.00046712224960468533,0.0009778192153189964,0.000863417268498232,0.00010049414679349053,0.000975691509982504,0.00013243523951124507,0.0009794733435796322,0.0,0.0010650481833675732,0.0014704838463796652,0.006337661789295215,0.0063953673088771165,0.00010770305784718472,0.0012207891698220912,0.004646611454585297,0.0004668812096773151,0.003411476265269789,0.0,0.0018676228764489288,0.0010582633403596578,0.007736187991362961,0.008059294706698696,0.0,0.0012128760722101028,0.0031472664296997663,0.007444960304904031,0.0005239405212477759,0.007156035933502953,0.0030411224373151084,0.001335393132775151,0.004273393670039022,0.007206998183451159,0.003570770139095004,0.00355292466901777,0.001797057020631443,0.007256046887317763,0.00254749237592078,0.006852411198063846,0.001327214780351939,0.0014666472275698288,0.008003946840978104,0.0003908094801970092,0.006266160514036515,0.0033510815693287934,0.0065888127060166595,0.005751365373396124,0.00038911334120362873,0.00029183513191973306,0.0003572747123172195,0.002834779667619054,0.000372253392613366,0.0037616945859985955,0.00800124033938356,0.0005612117127378651,0.007649057528775708,0.005204925733563588,0.0007697254426399352,0.0005076937097036429,0.00038663821332063543,0.002908777667091239,0.0004696499105884428,0.0006407759652543745,0.0005786848112702619,0.00041470864343113147,0.004757060365517647,0.004857919627806173,0.004112984568444748,0.00018872197291698662,0.0003654736666883627,0.0009819336170399926,0.003984908537995542,0.003651294357154569,0.00411346876802475,0.004129927601212146,0.0010029194121242762,0.1675766352570564,0.000401613442789991,0.001673697013707494,0.0,0.0010596100975314663,0.01051822874651583,0.010468035788750451,0.0009111330482910106,0.005365295737593309,0.005682797209936832,0.004328347336444679,0.0009062962513513471,0.0038465266548652795,0.003976349582438173,0.004582519857485163,0.0009985907457960702,0.0017713640110116162,0.00012392579032403383,0.0,0.0009408698145259949,0.0,0.0009924631094818872,0.000886597488388776,0.000947519055061827,0.0009200913463430771,5.726885320242551e-05,0.0,0.00019729623327990707,0.002524902424821151,0.0028447114996530457,0.0025416161542144034,0.0006462403931850147,0.0018422096775698327,0.001117157957526697,0.0007956090003664599,0.00048729900624045543,0.0005150836888974123
0.002358417165443355,0.004936835323216302,0.004359240238909013,0.0005073770753264822,0.0049260929173625114,0.000668641972068867,0.004945186722634823,0.0,0.005377238870133135,0.007424211430185295,0.28974144038199157,0.2910838299955647,0.0005437735852070861,0.006163547413835038,0.2510535186068238,0.0023572001977164945,0.2310958049448301,0.0,0.009429295765978575,0.005342983404399598,0.30453447572572656,0.31278708519923043,0.0,0.00612359559125383,0.01588998849510829,0.29227999426430223,0.0026452825144334534,0.2884697750358648,0.015354086354158,0.0067421624416678285,0.2366134121715764,0.291962086765262,0.01802818340813571,0.017938084803346122,0.009073021309356144,0.2878460045660529,0.012861835961126045,0.28367117969687494,0.006700871394717543,0.007404841024116988,0.3047077824530024,0.0019731275641325756,0.2738004083219524,0.01691901488870251,0.2795836489001906,0.2648283257290759,0.0019645640599955916,0.0014734236812341747,0.001803816484915547,0.2218952025031231,0.0018794411779290258,0.018992126986634196,0.04039683953656558,0.0028334581319749883,0.03861873115783911,0.026278744387111908,0.0038862068722626316,0.00256325525227278,0.0019520675794899888,0.2163051464904107,0.002371178876232255,0.0032351638932599748,0.002921676699057077,0.002093790189085222,0.2697937818816589,0.2726672492570542,0.020765727634752394,0.0009528236790271119,0.0018452115474370926,0.004957608205802261,0.2523280628710172,0.01843473586472774,0.020768172272321986,0.254925322652088,0.005063561753078453,0.0,0.002027674849892694,0.1922888731875683,0.0,0.005349782941853371,0.053104666384090525,0.05285125106662615,0.004600148725329942,0.027088424017328597,0.02869143248687205,0.2625511146459006,0.004575728597755372,0.25036576662763754,0.020075881889509626,0.26913560385758695,0.005041707086595413,0.1989956160633834,0.0006256792764392523,0.0,0.004750284369677249,0.0,0.005010769740581188,0.0044762730467764935,0.00478385520264472,0.004645377579055129,0.0002891402551519592,0.0,0.0009961135947568916,0.23202867731773888,0.2449793099404225,0.23249846531232776,0.0032627528180903726,0.20380889735647023,0.005640331852683759,0.004016888352103593,0.0024602860214720363,0.0026005659429915486
0.0,0.0,0.0,0.0,0.0,0.0,0.0,0.0,0.0,0.0,0.0,0.0,0.0,0.0,0.0,0.0,0.0,0.0,0.0,0.0,0.0,0.0,0.0,0.0,0.0,0.0,0.0,0.0,0.0,0.0,0.0,0.0,0.0,0.0,0.0,0.0,0.0,0.0,0.0,0.0,0.0,0.0,0.0,0.0,0.0,0.0,0.0,0.0,0.0,0.0,0.0,0.0,0.0,0.0,0.0,0.0,0.0,0.0,0.0,0.0,0.0,0.0,0.0,0.0,0.0,0.0,0.0,0.0,0.0,0.0,0.0,0.0,0.0,0.0,0.0,0.0,0.0,0.0,0.0,0.0,0.0,0.0,0.0,0.0,0.0,0.0,0.0,0.0,0.0,0.0,0.0,0.0,0.0,0.0,0.0,0.0,0.0,0.0,0.0,0.0,0.0,0.0,0.0,0.0,0.0,0.0,0.0,0.0,0.0,0.0,0.0,0.0
0.0006125188355482545,0.0012821754640263063,0.0011321647391884099,0.00013177397956414262,0.0012793854886050946,0.0001736570646327192,0.0012843444566549157,0.0,0.0013965553420569635,0.0019281870089451563,0.00831032395173418,0.008385990905489717,0.0001412267380399304,0.0016007723061407506,0.006092916875221392,0.0006122027694739915,0.004473333204042268,0.0,0.002448939630886521,0.0013876586471508595,0.010144155762355923,0.01056783275312816,0.0,0.0015903961758258775,0.004126885350272293,0.009762280474804977,0.0006870223763539912,0.009383425432721521,0.003987702952793016,0.001751047926701813,0.0056035312315496424,0.009450250205083813,0.004682208928090873,0.0046588088726219464,0.00235640942948556,0.009514565820541967,0.0033404254774581396,0.008985294387685245,0.001740323978298139,0.0019231562032238866,0.010495257297152871,0.0005124529348239585,0.008216567172007387,0.0043941400402347725,0.00863964816437292,0.007541536769670948,0.0005102288551916297,0.0003826718066348197,0.2512235045486345,0.0037171338820091086,0.0004881210748693462,0.004932560565149585,0.01049170836920841,0.0007358946080456423,0.010029905050620635,0.006825012193565049,0.0010093103726415797,0.28503653009668906,0.0005069833183969106,0.003814164516940243,0.0006158332569095624,0.0008402240493084435,0.30607608419480703,0.0005437909574660626,0.006237744141251022,0.006369996882248704,0.005393193153663147,0.00024746362047902413,0.000479231089790636,0.001287570515435772,0.005225252146573936,0.004787797134007029,0.005393828065323139,0.005415409878963915,0.0013150883542434031,0.0,0.0005266197414626072,0.002194652356560373,0.0,0.0013894245962901707,0.013792135205073804,0.013726319174967788,0.0011947325442987066,0.007035299004369461,0.007451626062841396,0.005675589789634571,0.0011883902447576908,0.005043797484571311,0.005214029128411244,0.006008876111893537,0.0013094123461725531,0.0023227192073919096,0.00016249896220510272,0.0,0.0012337251836830167,0.0,0.0013013774202768097,0.0011625600400055386,0.0012424440684583298,0.0012064792043989046,0.18232666706723083,0.0,0.00025870670722479174,0.0033108041726405144,0.003730157098517141,0.0033327202215426743,0.0008473893364165735,0.0024156163134933686,0.0014648848172974186,0.0010432504528923362,0.000638975814401523,0.0006754087641946863
4.71935908112037e-05,9.87895566399373e-05,8.723147164006135e-05,1.0152973117222841e-05,9.857459352246171e-05,1.3379997437002345e-05,9.895667403232815e-05,0.0,0.00010760234221898414,0.00014856370682247798,0.0006402970901876716,0.0006461271072356739,1.088129294945161e-05,0.00012333693074155583,0.00046944944247877436,4.7169238428693335e-05,0.0003446631263261945,0.0,0.00018868685851586954,0.00010691686619016131,0.0007815908807852886,0.0008142345112799001,0.0,0.00012253746659471773,0.0003179698765853842,0.0007521680042700563,5.293396876321324e-05,0.0007229778328088893,0.0003072460967870372,0.00013491542553071696,0.0004317430659954305,0.0007281265740065292,0.0003607566648086812,0.00035895372818262386,0.0001815575553676871,0.0007330819887016318,0.0002573744087026688,0.0006923024763329357,0.0001340891625597334,0.00014817609133560442,0.0008086426891620245,3.948367415417559e-05,0.0006330732811528979,0.0003385614204669286,0.0006656709909291615,0.0005810632746941198,3.9312312396776374e-05,2.9484247029142995e-05,3.609564004831392e-05,0.00028639918519563455,3.760894349165538e-05,0.00038004585565893224,0.0008083692499736943,5.66994955856197e-05,0.000772788047261487,0.0005258562089054481,7.776574035525754e-05,5.129254539566988e-05,3.9062249008414474e-05,0.00029387523950667055,4.744896164459442e-05,6.473791118162508e-05,5.8464811331208e-05,4.189821837970934e-05,0.00048060815031702417,0.0004907980112324326,0.00041553685550248243,1.9066673819251105e-05,3.692398444423795e-05,9.920523667105965e-05,0.0004025972711027708,0.0003688920661960295,0.0004155857744243897,0.0004172486184429163,0.00010132544187835519,0.0,4.057520381302663e-05,0.00016909443314612094,0.0,0.00010705292973014936,0.001062661827694557,0.0010575908084648204,9.205222035987419e-05,0.000542058469352204,0.0005741357993882182,0.00043729506196247924,9.156355638422213e-05,0.0003886164813337964,0.00040173255560979696,0.0004629742368756588,0.00010088811458849802,0.00017896177795881265,1.2520283596974731e-05,0.0,9.505654049005407e-05,0.0,0.0001002690364754427,8.95733806657047e-05,9.572831653437418e-05,9.295728162165701e-05,5.785900428740898e-06,0.0,1.99329355642629e-05,0.00025509213482352225,0.0002874026030748181,0.00025678073113119516,6.528998502523711e-05,0.0001861193505238637,0.00011286701835250409,8.038076893314593e-05,4.9232058465809334e-05,5.203915863121842e-05
0.0009453195646962412,0.0019788216805327326,0.0017473054154425354,0.0002033709230971938,0.0019745158238020865,0.00026801040428102305,0.001982169155007817,0.0,0.002155347740197769,0.002975831595966301,0.01282558407123338,0.012942363258475911,0.00021795966226553627,0.002470522197516258,0.009403390057481609,0.0009448317699928014,0.006903835689234632,0.0,0.003779525479840759,0.0021416171914084474,0.015655794324917063,0.016309668337020102,0.0,0.002454508389575629,0.006369151830863756,0.015066434194835842,0.001060303220178064,0.014481735304482959,0.0061543472636201675,0.002702447284499236,0.008648105816744297,0.014584868075353431,0.00722620015718851,0.007190086116336278,0.0036367207126513238,0.014684128385534182,0.005155383597999075,0.013867287153106724,0.0026858966779734583,0.002968067395425031,0.01619766035543896,0.0007908847159638606,0.012680886287173681,0.0067816143912227764,0.013333840476208949,0.011639090657293594,0.0007874522239850609,0.0005905894230105735,0.2727982729100688,0.005736769515199136,0.0007533325919708803,0.00761257570489473,0.016192183183432345,0.001135729270949438,0.015479467611654172,0.010533255765257484,0.001557700411375796,0.30957661743792253,0.0007824432850726056,0.005886519942862638,0.0009504348153247172,0.0012967441757584896,0.3324477041900902,0.000839249670971258,0.0096269065277249,0.009831016338385514,0.008323484452164166,0.000381918380975172,0.0007396123986690036,0.001987148032889464,0.008064295819092791,0.007389157753038401,0.008324464331278427,0.008357772222386768,0.0020296171781521185,0.0,0.0008127487937808243,0.0033870759394790733,0.0,0.0021443426362025746,0.02128583562107444,0.021184259673823504,0.001843868274995948,0.010857798007738983,0.011500328638382672,0.00875931605356993,0.0018340800048345573,0.00778425113778452,0.008046974982526782,0.009273687306814821,0.002020857216552007,0.0035847255343225116,0.0002507897542086556,0.0,0.0019040468405353084,0.0,0.002008456662953795,0.0017942154382364324,0.0019175029693628536,0.0018619972646173267,0.19786325003958216,0.0,0.0003992701900160121,0.005109668107550736,0.005756868654435073,0.005143491834439898,0.0013078025884910845,0.0037280965570646424,0.0022608027662989884,0.0016100812036491995,0.000986151451458325,0.0010423795676243297
0.001578565905125829,0.0033043856848731378,0.0029177823644701674,0.00033960410562152566,0.0032971954405566157,0.00044754398641157694,0.0033099755502181394,0.0,0.0035991622128962054,0.004969268036146105,0.021417127587621196,0.02161213428196439,0.0003639654825674469,0.004125464292182347,0.015702489921605976,0.0015777513487405521,0.011528545521131328,0.0,0.006311336698027704,0.003576233906969887,0.026143226123663002,0.027235114264246834,0.0,0.004098723227921783,0.010635690088570158,0.025159068128915812,0.0017705742851160007,0.024182693823817675,0.010276993221627612,0.004512750294215228,0.014441259332889787,0.024354912702890162,0.012066854022446996,0.012006548073311186,0.006072870527440077,0.02452066505504201,0.008608848350939688,0.023156641958973656,0.004485112843191837,0.004956302788506336,0.02704807488896135,0.0013206789472371104,0.021175500314692283,0.011324451179781552,0.0222658524653445,0.019435831399698206,0.0013149471132523863,0.000986210760793888,0.31955810377417404,0.009579690403602828,0.00125797157841266,0.012712053052448396,0.0270389286940564,0.0018965263933263497,0.025848782479296947,0.017589224894915205,0.002601165628671227,0.3627439748240904,0.001306582809282225,0.009829754961891722,0.0015871077364174302,0.0021654012251196837,0.3895768576844837,0.0014014423967930868,0.0160757345812291,0.01641657253703092,0.013899182095372466,0.0006377561168344035,0.0012350605648602873,0.003318289656011854,0.01346636936786469,0.01233897290625807,0.01390081837141993,0.013956438400073606,0.003389207837794123,0.0,0.001357189233364498,0.005655994856989718,0.0,0.0035807850602401505,0.035544693697668245,0.03537507452009129,0.003079030310122758,0.01813117000838485,0.019204116115090084,0.014626966573816638,0.0030626851183759908,0.012998729638047912,0.013437445728629373,0.015485902486361874,0.0033745797932380043,0.00598604505719058,0.00041878764613940993,0.0,0.003179521017527445,0.0,0.003353872413590029,0.0029961162584850615,0.0032019910763048357,0.0031093034642808285,0.23157443773998374,0.0,0.000666731476244135,0.008532509177127029,0.009613253462175961,0.008588990587271835,0.0021838673967259944,0.006225456804007085,0.0037752589688974723,0.002688635026168404,0.0016467500691818165,0.001740644018280004
0.001523268403491139,0.003188632346848045,0.0028155718235323168,0.0003277077010908218,0.003181693978329395,0.0004318664247463787,0.0031940263980131966,0.0,0.003473082789981471,0.0047951935128970466,0.0206668810227225,0.020855056590811043,0.0003512156937864458,0.003980948394746552,0.015152428337677692,0.0015224823811904387,0.011124698103212134,0.0,0.006090249222209934,0.0034509576675208053,0.025227423315167613,0.026281062380408598,0.0,0.003955144075692419,0.010263119587617985,0.02427774058568912,0.001708550688820389,0.02333556888154474,0.009916987948723062,0.004354667685208531,0.01393537892651943,0.02350175489641047,0.011644149542472412,0.011585956123646607,0.005860136572634682,0.023661700908178096,0.008307278550012731,0.022345459833208566,0.004327998380011791,0.004782682440658016,0.02610057503448531,0.0012744152809520321,0.020433718004897787,0.010927753230337357,0.02148587488626331,0.018754990064466966,0.0012688842343390042,0.0009516635866910739,0.3128293826045502,0.009244111797709386,0.0012139045646834344,0.012266747112312817,0.02609174923274614,0.0018300906677132104,0.0249432940947054,0.016973070580913373,0.0025100462397774958,0.35510107625124115,0.0012608129337277531,0.009485416540981463,0.0015315110126037509,0.0020895467565815013,0.3813670140018942,0.001352349569578241,0.015512598156960843,0.01584149648619597,0.013412290770693537,0.0006154153835152124,0.0011917961288411536,0.0032020492589008693,0.012994639565697536,0.011906736043521698,0.013413869727640727,0.013467541374782156,0.0032704831615914,0.0,0.001309646603939359,0.005457864146175175,0.0,0.0034553493929175877,0.03429955546715853,0.034135878085688326,0.002971171219124781,0.01749603124102526,0.01853139181588997,0.014114580803035851,0.0029553986029444822,0.012543381355740024,0.01296672912773731,0.014943428006662545,0.0032563675405680127,0.005776352617197753,0.0004041174252308088,0.0,0.0030681417155335637,0.0,0.0032363855448626503,0.002891161664468227,0.0030898246433410425,0.003000383898211074,0.22670788770992006,0.0,0.0006433757298810649,0.00823361355380329,0.009276499135154697,0.008288116408057798,0.0021073660542427516,0.006007377719264132,0.0036430108389168994,0.0025944515655527516,0.001589064061681707,0.0016796688856398638
0.0004998506498314791,0.0010463290297315889,0.0009239116379059179,0.0001075351572773434,0.001044052249090128,0.00014171416708646427,0.0010480990526467529,0.0,0.0011396695982874845,0.0015735116595315276,0.006781703004882033,0.006843451597432033,0.00011524915265610312,0.001306322403523302,0.004972171111640319,0.0004995927217100221,0.0036504975507436603,0.0,0.0019984757934848113,0.001132409382809885,0.008278215387885635,0.008623960215416683,0.0,0.0012978548835392298,0.0033677761472709965,0.007966583157888873,0.0005606498304038775,0.00765741562215449,0.003254195294262862,0.0014289559655166104,0.004572804238638668,0.007711948485393276,0.0038209521724472746,0.0038018563793819618,0.00192296581956228,0.007764433732075194,0.002725979592328048,0.0073325177577462245,0.0014202046059383566,0.001569406232297275,0.008564734463120277,0.0004181911112178767,0.006705192072396829,0.0035858713676876625,0.007050450530899526,0.006154328383508208,0.00041637613413476134,0.0003122822354473241,0.0003823067671712244,0.0030333953481933166,0.0003983349120219202,0.00402525352810789,0.008561838333505493,0.0006005323864201684,0.008184980226466519,0.00556960305883116,0.0008236553986049648,0.0005432647041015084,0.0004137275891729721,0.0031125779350936467,0.0005025554085672364,0.0006856712196857423,0.0006192297181430301,0.0004437647427096632,0.005090358502520194,0.005198284356703137,0.004401156251974284,0.00020194456778684002,0.00039108017214994846,0.00105073170242733,0.0042641067170783396,0.0039071182301726485,0.004401674376458652,0.0044192863794646105,0.0010731878438742142,0.16948165459871112,0.0004297520414185406,0.0017909627311280746,0.0,0.001133850499023175,0.011255176730441376,0.011201467058985521,0.0009749705706731338,0.005741209208603669,0.006080956068034295,0.004631608172484113,0.0009697948889421956,0.004116029261409927,0.004254948087831172,0.004903589008162373,0.001068555894360166,0.0018954726578354175,0.00013260851281815422,0.0,0.0010067908103192278,0.0,0.0010619989320314236,0.0009487159540893809,0.0010139059224885461,0.000984556521902173,6.128133162691648e-05,0.0,0.00021111957415371097,0.002701806901461007,0.003044023042978586,0.0027196916596916297,0.0006915185066741043,0.0019712820471266303,0.0011954303857431296,0.0008513524589794227,0.0005214410684519075,0.0005511724539579386
0.002758404645575624,0.005774122445144985,0.005098567251958729,0.0005934282119999935,0.005761558127582371,0.0007820436303663384,0.005783890241653022,0.0,0.006289218420336886,0.008683357464839746,0.31377668734053393,0.31524437176682635,0.0006359975688586742,0.007208884869336548,0.27146399246437153,0.002756981280158991,0.24945798309641615,0.0,0.011028504043512735,0.006249153228648049,0.3303254923842089,0.3393328126205952,0.0,0.007162157218850458,0.018584930064656405,0.31704305238167996,0.003093922349102942,0.31281566133038713,0.01795813893676309,0.007885632988439478,0.25579781086919656,0.31658517059644614,0.02108576277044798,0.020980383445003335,0.010611805449791924,0.3121960384339959,0.015043202952236075,0.30752130678446427,0.007837338981171709,0.008660701838486454,0.33064298667437747,0.0023077699395023916,0.2966495917064595,0.01978847930357005,0.3030090374424846,0.28677658798721306,0.0022977540653220403,0.0017233162931348683,0.002109743706356367,0.23930951982044674,0.002198194345024186,0.02221319115078847,0.04724814230364876,0.00331401254570438,0.04516846679751581,0.030735618642631905,0.004545307440595215,0.0029979832657536618,0.0022831381820995643,0.2333522659929228,0.002773330742129444,0.0037838475919883554,0.0034171929791030307,0.0024488969420079724,0.29161156981466957,0.2947420935148758,0.024287594415337944,0.0011144225462541347,0.0021581593702331434,0.005798418407991037,0.2725051511562001,0.021561266511416894,0.024290453663365606,0.2753612421656935,0.005922341673689844,0.0,0.002371568443282347,0.20699470623243665,0.0,0.006257105967448914,0.0621112162012617,0.061814821653598084,0.005380333810411148,0.03168261991371441,0.033557498571347696,0.2836351732317685,0.005351772029936411,0.27033313037269446,0.023480750852506883,0.29082003957421676,0.005896780456430393,0.21423368821397673,0.0007317944628536422,0.0,0.0055559324555118535,0.0,0.005860596137465185,0.005235448820510968,0.0055951969007381535,0.005433233476364081,0.00033817843370562183,0.0,0.0011650544303861163,0.25002221771621724,0.2640651246191819,0.25053414247517397,0.0038161155976379384,0.21942931567991159,0.006596931964793541,0.004698152495476014,0.002877550456514532,0.0030416218484930866
0.0005137620057622179,0.0010754494391142073,0.0009496250457964435,0.0001105279709276956,0.0010731092933337985,0.00014565821761322188,0.0010772687235813703,0.0,0.0011713877713669123,0.0016173041018626318,0.006970444750740074,0.007033911869912927,0.00011845665470467626,0.33418958758970013,0.005110551730142837,0.0005134968992367647,0.003752094639333634,0.0,0.002054095423251234,0.0011639254966508642,0.008508606607284917,0.008863973867753911,0.0,0.33080609295323354,0.0034615048094134462,0.008188301332904912,0.0005762532898489862,0.007870529347754934,0.003344762884845947,0.0014687252747139791,0.0047000700677152915,0.007926579916473732,0.003927293187874909,0.003907665939315437,0.001976483929356863,0.007980525881368081,0.0028018463985062334,0.0075365892427605155,0.0014597303558285368,0.0016130844163803953,0.00880309980206482,0.000429829798488133,0.006891804440580258,0.0036856698433614774,0.007246671795872326,0.006325609650595676,0.00042796430873244653,0.0003209733701484975,0.00039294675636528055,0.003117817849957774,0.00040942098091598794,0.004137280459672047,0.008800123070194328,0.0006172458182787515,0.008412776615757643,0.005724610820790564,0.0008465785725932971,0.0005583843176619017,0.00042524205204961743,0.0031992041694135368,0.0005165420407059636,0.0007047541525412422,0.0006364635159081882,0.00045611517035725775,0.005232028397252739,0.00534295793858138,0.004523644941643192,0.21144679850731934,0.00040196433419728534,0.0010799746427038015,0.004382781177715588,0.00401585733530682,0.004524177486063035,0.004542279649164919,0.0011030557615846531,0.0,0.0004417124812262122,0.0018408070596686293,0.0,0.0011654067206055114,0.011568419835383474,0.011513215368718693,0.0010021050009978761,0.005900992945607205,0.006250195308375646,0.004760510575313574,0.0009967852747393027,0.004230582574676825,0.004373367654428896,0.005040060916428579,0.0010982949001678898,0.0019482256047587065,0.00013629914365334705,0.0,0.0010348108305290038,0.0,0.0010915554508566655,0.0009751196915236673,0.0010421239635629695,0.0010119577390752,6.298685389933741e-05,0.0,0.0002169952482995552,0.002777000956875403,0.0031287413243822845,0.002795383466259426,0.0007107641755199479,0.0020261448470583684,0.0012287004386921448,0.0008750464705474089,0.0005359533078629889,0.0005665121483022644
0.0011590263757193825,0.0024261705842507984,0.0021423158247930256,0.0002493466471306843,0.002420891309699349,0.0003285990675848705,0.002430274816675013,0.0,0.0026426035946257964,0.003648572861741555,0.015725042385367826,0.015868221647919817,0.0002672334381335053,0.0030290290137406036,0.011529198701500145,0.001158428306084164,0.008464574262807022,0.0,0.004633956476132493,0.0026257690036639155,0.01919507353182453,0.019996767746910823,0.0,0.003009394991054469,0.007809015319919401,0.018472477744038155,0.001300004193652185,0.017755596954640126,0.0075456502438561515,0.003313385016771874,0.010603168617206876,0.017882044778322174,0.008859815126221656,0.00881553684462807,0.004458868074355676,0.018003744700610932,0.006320852535144589,0.017002241538595284,0.003293092842343333,0.0036390534213853213,0.019859438308494577,0.0009696786993401486,0.015547633015566806,0.008314722600617086,0.016348199464724687,0.014270320392159723,0.0009654702296475191,0.0007241029849097634,0.0008864720430329472,0.0070336713930968225,0.0009236372295583034,0.009333537946999653,0.019852722921384115,0.0013924816854181178,0.018978884933758974,0.012914491257836771,0.0019098471349565398,0.001259692512680174,0.0009593289283027523,0.00721727564918035,0.0011652980224917875,0.001589896960132762,0.0014358360366221767,0.0010289774387374096,0.011803245165885885,0.012053497739654157,0.010205160644324933,0.00046825802982772855,0.0009068153351315723,0.002436379261142074,0.009887377670994743,0.009059612272887643,0.010206362043069718,0.010247199793345802,0.002488449334958321,0.0,0.000996485552617098,0.004152786525350501,0.0,0.002629110585198806,0.026097888836120613,0.025973349784566814,0.002260708488308091,0.013312402221619741,0.014100188675995022,0.010739519966046593,0.0022487074003020866,0.009544023757526852,0.009866141141910546,0.011370174267181501,0.002477709023508106,0.004395118433129653,0.00030748537398717036,0.0,0.0023344915213880098,0.0,0.0024625050975230684,0.0021998307178876103,0.002350989654726881,0.002282935868255605,0.000142095803453989,0.0,0.0004895325332822742,0.006264802220322641,0.007058314311083179,0.006306272420510728,0.00160345532971415,0.004570901102903748,0.0027718986618899166,0.001974069565225886,0.0012090890587474745,0.0012780285709793557
0.0012328752413316604,0.002580757183125732,0.0022788162502867934,0.00026523409147240326,0.002575141532763474,0.00034953618246919157,0.0025851229220308046,0.0,0.0028109805028777046,0.003881046403835124,0.01672698381326986,0.01687928592784677,0.00028426056251415553,0.0032220275177069864,0.012263796518565245,0.0012322390649155749,0.009003905567335104,0.0,0.004929215010561141,0.002793073274164322,0.020418112485351074,0.021270887684953617,0.0,0.003201142487853844,0.008306576837936633,0.01964947557171793,0.0013828356433962258,0.018886917794992127,0.008026431115188708,0.0035245016315024465,0.011278763228926066,0.019021422405416644,0.009424329713907262,0.009377230184294259,0.0047429706246549215,0.019150876595765573,0.006723593835257966,0.01808556136357501,0.003502916514916808,0.0038709204200159486,0.021124808123628467,0.001031463032686499,0.01653827057585784,0.008844505912541477,0.01738984615246622,0.015179572325473708,0.001026986414900543,0.0007702401437719678,0.0009429547565815055,0.007481830869318692,0.0009824879710677982,0.00992823639733238,0.021117664856936794,0.0014812054582400906,0.02018814915095519,0.013737354783059803,0.0020315355170020814,0.001339955451497223,0.0010204538125921443,0.007677133708210513,0.0012395464941953203,0.0016911993026901852,0.0015273221880429872,0.0010945400680125374,0.01255530420811713,0.012821501948515349,0.010855395662925522,0.0004980936962465836,0.0009645942478657357,0.002591616319077832,0.010517364736155298,0.009636857194362844,0.010856673610346252,0.010900113390735908,0.0026470041050395765,0.0,0.0010599779193150702,0.004417386693605293,0.0,0.0027966277688915883,0.027760749600809084,0.027628275382399432,0.0024047524555887993,0.014160619158901072,0.014998600446818626,0.011423802380431418,0.002391986702727945,0.010152133583701022,0.010494775094134878,0.012094639636594776,0.0026355794607445396,0.00467515909252947,0.00032707720255727136,0.0,0.0024832366701159495,0.0,0.0026194067969375076,0.002339995779234217,0.0025007860033734075,0.0024283960818177125,0.00015114962148020015,0.0,0.0005207237322235083,0.006663972202083367,0.00750804394271893,0.0067080847297497255,0.0017056215613375286,0.004862141982616979,0.0029485137726941966,0.002099849962536663,0.0012861277330030946,0.0013594598154825924
0.0028448486678075684,0.0059550742753337405,0.005258348254933151,0.000612025310012234,0.005942116212006359,0.0008065516361363298,0.005965148179076575,0.0,0.006486312540599911,0.008955480101720635,0.31825793976676253,0.31974979430202866,0.0006559287229299463,0.0074347998760096925,0.2752452948552835,0.002843380696378574,0.2528345819424303,0.0,0.011374119850914901,0.0064449917694127425,0.3351648016281896,0.3443169066235479,0.0,0.007386607855144177,0.019167352266658246,0.3216900418270402,0.0031908809634812736,0.31737899943061143,0.018520918499936975,0.008132756206731248,0.2593488792870668,0.3211994645696809,0.021746557099021097,0.021637875352821717,0.010944362584835275,0.31676339599395664,0.01551463304953111,0.3119865389264195,0.00808294874194933,0.008932114484006463,0.3355167183144642,0.002380091785492803,0.3009176253091037,0.020408618827913557,0.3073901040564615,0.29086755119731766,0.0023697620297172674,0.0017773222897515591,0.002175859724594844,0.2424986713616147,0.00226708226585052,0.022909317294848276,0.048728824070287204,0.003417868437419654,0.04658397483557326,0.03169882413371815,0.004687750159460289,0.003091935301576789,0.002354688107919397,0.2364785611654662,0.0028602425245300806,0.003902427368124089,0.0035242823817873796,0.0025256414841976836,0.29564670569539075,0.29882624179457584,0.02504872906429797,0.0011493467795491634,0.0022257926585107536,0.005980131635082088,0.27622324443127444,0.02223696237230204,0.02505167791661937,0.27913011259335285,0.00610793845918206,0.0,0.0024458896330920086,0.20966420829875365,0.0,0.006453193734421518,0.06405768310660383,0.06375200002438501,0.005548944929982913,0.03267550292113694,0.03460913729926346,0.287525788999128,0.005519488068653994,0.2740093950733943,0.024216600305186905,0.29482573863686967,0.006081576193955769,0.21700102315883082,0.0007547277394914985,0.0,0.005730046557833205,0.0,0.0060442579158819535,0.005399519474524828,0.005770541488434995,0.005603502387481055,0.00034877640891150846,0.0,0.0012015653865445105,0.25330418113913805,0.2675517806055081,0.2538241459627245,0.003935706601840678,0.22226695357555845,0.00680366933900074,0.004845385135697749,0.0029677283193003524,0.0031369414482168034
0.0004532827253168398,0.0009488491699165742,0.000837836632448378,9.75167866131269e-05,0.0009467845025315098,0.0001285115541904674,0.0009504542909884969,0.0,0.0010334937878877706,0.0014269175274469264,0.006149894616279306,0.006205890482894624,0.00010451211781764689,0.319521008789233,0.004508945367953078,0.00045304882672759237,0.003310403775850657,0.0,0.0018122904400663226,0.0010269099607802467,0.0075069864029299205,0.007820520371006803,0.0,0.31628566331686264,0.0030540217379065324,0.007224386977367263,0.000508417630665425,0.0069440226260866975,0.0029510224948072266,0.0012958291734251005,0.004146784981332625,0.006993475007266039,0.0034649782182260233,0.0034476614594588814,0.00174381525296844,0.007041070535376135,0.002472017309940741,0.006649393441392726,0.0012878931226843525,0.0014231945769096822,0.007766812307570446,0.0003792308895867696,0.006080511723599026,0.0032517984056419287,0.00639360463457465,0.005580968521521159,0.0003775850024424806,0.00028318887411534085,0.000346689662980067,0.0027507930836061846,0.00036122456692016565,0.0036502461083667915,0.007764185992039796,0.000544584581113045,0.0074224373719790505,0.005050718358155875,0.0007469206330480071,0.0004926521666553806,0.0003751832056681665,0.0028225987295524696,0.00045573549878323805,0.0006217915676117649,0.0005615400006615621,0.0004024219875332338,0.004616121986917518,0.004713993071675905,0.003991128352264299,0.20221335199589707,0.00035464570529071565,0.0009528416734351276,0.0038668468559773894,0.0035431167291767136,0.003991598206366534,0.004007569410412222,0.0009732057181724425,0.0,0.00038971476101980966,0.0016241100576348559,0.0,0.0010282168173080487,0.010206603080374445,0.010157897199404619,0.0008841387272926992,0.005206337048011006,0.005514431840750543,0.004200110524475966,0.0008794452311030606,0.0037325648405674068,0.003858541478307638,0.00444675262541503,0.0009690052981070379,0.001718883455281811,0.00012025421615574839,0.0,0.0009129944764087183,0.0,0.000963059206499126,0.0008603300873294532,0.0009194467185657123,0.000892831616057209,5.557213743797033e-05,0.0,0.00019145089832810696,0.002450096635839093,0.002760430663266683,0.0024663151842297818,0.0006270940998435185,0.0017876301631116625,0.001084059695348787,0.0007720373334344773,0.000472861701149518,0.000499823201457986
0.000860513667028796,0.2178806173378481,0.21098958640083082,0.00018512624231746555,0.001797379336682075,0.00024396682815280604,0.001804346077186324,0.0,0.001961988577096447,0.22198468780671665,0.011674983564388109,0.011781286332678975,0.00019840620594871754,0.002248888307250759,0.008559799207652844,0.0008600696330484468,0.006284483245003539,0.0,0.227430811195352,0.0019494898144237275,0.014251291825438895,0.014846505914877973,0.0,0.0022343111196956563,0.27941121913261335,0.013714803990343968,0.000965181983143498,0.013182559228852229,0.2781388529602976,0.0024600070807628926,0.007872272538452083,0.013276439819254594,0.006577927960207244,0.006545053758841306,0.23137576805795074,0.013366795352657208,0.25966272511852145,0.012623234052810059,0.0024449412515502884,0.002701798052012703,0.014744546320930654,0.0007199333776084233,0.01154326681438923,0.28668101323642026,0.01213764359933296,0.010594932080567495,0.0007168088191310234,0.0005376068464916963,0.0006581569880110137,0.0052221161571000384,0.0006857501054867856,0.25696665892702153,0.32693507560865465,0.0010338414608087373,0.318780535026538,0.28106550476776065,0.00141795699907678,0.00093525276570374,0.0007122492389081542,0.005358432271206124,0.0008651700215997451,0.001180411500568838,0.0010660296944139506,0.0007639594470386815,0.00876326371281433,0.008949062556091791,0.26437660861865486,0.00034765596607984047,0.0006732607692967157,0.001808878293194147,0.007340836925894328,0.253943134262991,0.26585628745844475,0.007607985163819647,0.20425061222256613,0.0,0.0007398359994107383,0.0030832167724389537,0.0,0.0019519707558764009,0.32536801780505664,0.3240752661650361,0.0016784523563147323,0.2720886126458077,0.2801678771035171,0.007973505954405673,0.0016695422051182399,0.0070859154319951505,0.2514549205077555,0.00844173226630496,0.0018395633803639261,0.0032631349546042993,0.0002282910659070999,0.0,0.0017332322212860532,0.0,0.001828275297213533,0.0016332539427475255,0.0017454811825832037,0.001694954969739043,0.00010549835919281948,0.0,0.00036345112084542995,0.004651272865532448,0.005240412175350327,0.004682062220100947,0.0011904778481272972,0.003393643968839229,0.21483207429757387,0.0014656386395763543,0.0008976824699622627,0.0009488662857205638
0.0011533981191961492,0.002414389048728095,0.002131912693968471,0.0002481358145537391,0.002409135410445203,0.00032700338358284325,0.0024184733509131045,0.0,0.0026297710558403522,0.003630855314980083,0.01564868124791861,0.01579116522895213,0.00026593574692223535,0.0030143199849706,0.011473212669466054,0.0011528029537996917,0.008423470111677189,0.0,0.00461145388575875,0.002613018214007206,0.019101861849948526,0.019899663021019417,0.0,0.0029947813055126913,0.007771094576841325,0.018382775002546505,0.0012936913458719845,0.0176693754013801,0.007509008407141548,0.0032972951492543593,0.010551679406791194,0.017795209191763688,0.008816791677123828,0.008772728411799447,0.004437215716953408,0.017916318136663292,0.0062901583419332895,0.0169196782951231,0.0032771015140527823,0.003621382101226972,0.019763000457252263,0.0009649699191265706,0.015472133381758738,0.008274346132319066,0.016268812263356344,0.014201023415388194,0.0009607818858515217,0.0007205867255444127,0.0008821673160971452,0.006999515736478648,0.0009191520276929564,0.009288214089893776,0.019756317680203233,0.0013857197649876415,0.018886723068274398,0.012851778215934641,0.0019005728769923703,0.0012535754192729077,0.0009546704067955991,0.007182228406422592,0.0011596393107195636,0.0015821763869649753,0.001428863586547952,0.001023980702594766,0.011745928358441364,0.011994965700433836,0.01015560416901917,0.0004659841589597782,0.0009024118207403187,0.002424548152069096,0.009839364356509202,0.009015618604632077,0.010156799733746311,0.010197439175045826,0.0024763653725087833,0.0,0.0009916465977586766,0.004132620506405164,0.0,0.0026163435687516926,0.02597115693755329,0.02584722265026024,0.0022497304402127214,0.013247756915685922,0.01403171786242511,0.010687368630605426,0.002237787629743165,0.009497677776886109,0.009818230952458096,0.01131496046115414,0.0024656772162374736,0.004373775645329595,0.0003059922185265208,0.0,0.0023231551813279907,0.0,0.0024505471208376554,0.0021891482935292553,0.002339573199383439,0.002271849883534456,0.000141405783235754,0.0,0.0004871553529768899,0.006234380208622159,0.007024038987935564,0.006275649028643565,0.0015956689168177434,0.004548704710752181,0.0027584382635311303,0.00196448344178594,0.0012032176967796831,0.0012718224372862985
0.0011309147297928319,0.0023673249446254365,0.0020903549503978698,0.00024329886012259335,0.002362173716423967,0.00032062904996209887,0.002371329630800208,0.0,0.0025785084729507256,0.0035600784231548262,0.015343638792681606,0.015483345308782601,0.0002607518153249811,0.0029555613231691327,0.011249563346772124,0.0011303311660585806,0.008259269949134842,0.0,0.004521562016070935,0.0025620821971664384,0.01872950594685405,0.019511755441450805,0.0,0.0029364035145756444,0.007619611283646003,0.018024436383974916,0.001268473196290457,0.017324943204855024,0.007362634005067611,0.0032330204035403457,0.010345993691673864,0.017448324095357643,0.008644924429149766,0.008601720096691827,0.004350720302082859,0.01756707224260802,0.006167543195388078,0.016589860074201067,0.003213220406368995,0.0035507898723989677,0.019377756864720652,0.0009461595932788655,0.015170532404669765,0.008113052869347201,0.015951681486776406,0.013924200405137126,0.0009420531980621668,0.0007065402036369838,0.0008649710757386869,0.006863072963321038,0.0009012348379424895,0.00910715732313747,0.019371204356202654,0.0013587076894852085,0.018518560902731275,0.012601256276159578,0.00186352468056165,0.0012291392564000379,0.0009360608511265054,0.007042223983528523,0.0011370342606883805,0.0015513347484874828,0.0014010105010556961,0.001004020069319271,0.01151696294156488,0.011761145755495623,0.009957639217145365,0.00045690064900142004,0.0008848209507447953,0.0023772860148045982,0.009647563922100054,0.008839875588906507,0.009958811476522104,0.009998658726150186,0.0024280931531871427,0.0,0.0009723162587917455,0.004052062618755412,0.0,0.0025653427301946595,0.025464896674974896,0.02534337826021993,0.0022058760548986107,0.012989516094499704,0.01375819515465595,0.010479037901935466,0.002194166047703039,0.009312537898182491,0.009626842475156204,0.011094395976179457,0.00241761334299812,0.004288516878768379,0.00030002745918712514,0.0,0.002277869514811963,0.0,0.0024027781811697384,0.002146474846498383,0.0022939674935964715,0.002227564320078722,0.0001386493357997323,0.0,0.00047765914926492,0.006112852354895057,0.00688711817878781,0.0061533167146565464,0.0015645642661177872,0.004460036021606217,0.002704667548465976,0.0019261894256409988,0.0011797631657175778,0.001247030582129371
0.002544384066617186,0.0053261167362403826,0.004702976881679665,0.0005473849856349914,0.005314527265686989,0.0007213660097676983,0.005335126663714536,0.0,0.00580124716866591,0.00800962846902004,0.3034383008910423,0.30484922887743,0.0005866514484040045,0.006649558044008428,0.2627700777566557,0.0025430711380398405,0.2417257744309043,0.0,0.01017281855725749,0.005764290576556567,0.3191233108820498,0.3277916010728152,0.0,0.006606455923528043,0.017142952543802173,0.3062853724787384,0.002853869442626891,0.3022581866592293,0.016564793222084557,0.007273798267110029,0.2476370672545906,0.30591103203448766,0.019449749300433746,0.019352546202606055,0.009788450997499505,0.30162529973726526,0.01387602285398947,0.2971971416222085,0.0072292513211779765,0.007988730659554326,0.3193521223825782,0.0021287134477917203,0.2867933742211878,0.018253120158910046,0.2928851614258007,0.2773400630332027,0.0021194746906287336,0.0015896067043778956,0.001946051780223431,0.2320229416934195,0.002027639663302689,0.02048970216296661,0.04358222809966961,0.0030568831630212335,0.04166391157202527,0.02835088698004105,0.004192643689270474,0.0027653741323281265,0.002105992832392143,0.22620380731187775,0.002558152069186801,0.0034902643957641266,0.00315205797761824,0.002258890612741248,0.28234256927818296,0.2853586852733989,0.02240315551453494,0.0010279561320765739,0.0019907109436062757,0.005348527610891344,0.26398127655535164,0.019888359402138265,0.022405792917693238,0.2667171256900805,0.005462835851791733,0.0,0.0021875619190456046,0.200925006547658,0.0,0.005771626273994338,0.057292097848728296,0.0570187001201836,0.004962881585284994,0.029224411808631143,0.030953821375488685,0.27470907630110614,0.00493653587155126,0.26190910764721614,0.02165891376276266,0.2816245741478937,0.005439257891965349,0.20794000688485031,0.0006750156016123341,0.0,0.005124855788537021,0.0,0.005405881061345472,0.0048292380096822286,0.005161073762929793,0.005011676843586166,0.00031193966402800186,0.0,0.001074659562428917,0.24254018454419266,0.2561095765695142,0.24303333456332454,0.0035200287740862154,0.21297465257571765,0.0060850856696101465,0.004333629720063203,0.0026542855284797085,0.002805626861306829
0.0025681651697405826,0.005375897322832478,0.004746933287348749,0.0005525011231562002,0.0053641995312131005,0.000728108262123809,0.0053849914616555476,0.0,0.005855468565102252,0.00808449051642121,0.3046779010536704,0.3060955060216602,0.0005921345901887022,0.006711708183857332,0.26381632461210136,0.0025668399698672885,0.24266032424004844,0.0,0.0102678988756496,0.005818166557951376,0.3204616176110923,0.3291699130942504,0.0,0.00666820320911236,0.01730317926728804,0.3075704871773105,0.002880543152939052,0.30352022658986305,0.01671961617550601,0.0073417828724840675,0.24861964506714637,0.3071871753485275,0.019631536515621266,0.019533424908373294,0.00987993882185904,0.3028884157058719,0.01400571519673083,0.29843210618166743,0.007296819568216432,0.00806339738543605,0.3206998678082273,0.0021486094826263526,0.28797390661514105,0.018423723071622017,0.2940968990905662,0.2784717147665836,0.0021392843753562,0.0016044639743389973,0.0019642405665297735,0.23290575832402155,0.0020465910113176148,0.020681209304713902,0.04398956969341088,0.0030854543424629565,0.04205332360718856,0.028615868739578842,0.004231830262257771,0.0027912207206158388,0.002125676508839167,0.22706917480770836,0.0025820618550406113,0.003522886175869026,0.003181518709117132,0.0022800033493406003,0.2834591257186635,0.2864887875024335,0.022612546761151653,0.001037563931112882,0.002009317137089369,0.005398517660877017,0.2650102559005573,0.020074246089648553,0.022615208814816653,0.2677601231660939,0.0055138942845347014,0.0,0.0022080079815202866,0.20166424003082503,0.0,0.0058255708185355505,0.05782757883407648,0.057551625791787464,0.0050092671920482805,0.029497557973968393,0.03124313147919971,0.275785740902543,0.004982675237920503,0.2629265464951363,0.021861348948743784,0.2827330382750021,0.005490095953145146,0.20870631826819144,0.000681324639560834,0.0,0.005172755288301523,0.0,0.005456407165749039,0.004874374515849862,0.005209311774240278,0.005058518515565714,0.0003148552102365546,0.0,0.0010847038753972209,0.24344884224396784,0.2570748446343145,0.24394421426975474,0.0035529287471571702,0.21376042195436268,0.006141959964541615,0.00437413401995393,0.0026790938263699087,0.002831849672001923
0.003055876512811483,0.006396815344158476,0.00564840692943334,0.0006574246958288688,0.006382896065491117,0.0008663807776946407,0.0064076365193543264,0.0,0.006967460298283464,0.009619788079936574,0.3239092707368507,0.32543856439311536,0.0007045848171687841,0.007986305414291572,0.27980651660905365,0.003054299648824971,0.25668937821360827,0.0,0.012217839950376152,0.00692307439628769,0.3415315774526287,0.3509012775180984,0.0,0.007934538560632764,0.020589166048542475,0.3278085917150618,0.0034275771157256064,0.3233415864536391,0.019894780513323777,0.00873603540244725,0.26360566955038184,0.3272200700853393,0.02335969354905156,0.023242949906642635,0.011756203747901133,0.32275895397981835,0.01666549200927754,0.31777663286477353,0.008682533272962437,0.009594689225579895,0.34199170785172145,0.002556644459836337,0.3063681130870654,0.021922508441620154,0.313031293259325,0.296016532814267,0.002545548453776421,0.001909162164725558,0.0023372626821257705,0.2460249055759984,0.002435252014358699,0.02460870605810664,0.05234347635372568,0.0036714022787861338,0.05003952448660043,0.034050209155281314,0.005035482474806975,0.0033212917699776668,0.002529356364510185,0.23997371117103786,0.003072412269434405,0.00419190527501542,0.0037857098962382676,0.0027129908802108918,0.3004545199926962,0.30370519636810295,0.02690681711458411,0.0012346040998400777,0.00239089958791134,0.0064237314321720605,0.2805354623693163,0.02388647656332454,0.0269099847096308,0.2835280206653244,0.006561018830395993,0.0,0.0026273231217093843,0.2124090498021221,0.0,0.006931884774327426,0.06880941383129936,0.06848105550353063,0.005960559756413078,0.0350993369351904,0.0371764062525666,0.29208499262604726,0.005928917816476227,0.27824542770338145,0.026012961930166823,0.29955711511977834,0.006532701040405561,0.2198572047483332,0.0008107126395784022,0.0,0.006155095310181616,0.0,0.006492614532200463,0.005800050079776244,0.006198594111616744,0.006019164228016051,0.0003746482715499954,0.0,0.0012906962275003487,0.25681697123905606,0.27133167840151706,0.2573486558975386,0.004227653126853619,0.22520334022622443,0.007308358286070476,0.0052048106457331595,0.003187871246010646,0.0033696364246532163
0.00298373207123704,0.00624579658769879,0.005515056919378686,0.0006419039320287025,0.006232205921323965,0.000845926889215978,0.006256362291955816,0.0,0.006802969511334324,0.009392680002701806,0.3201777780263511,0.321686934337153,0.0006879506770249123,0.007797761295462987,0.27665819727184837,0.002982192434530907,0.2538783653656439,0.0,0.01192939595181455,0.006759631490723753,0.33750151183239613,0.3467505950513267,0.0,0.007747216575857575,0.020103088197939486,0.32393867792347475,0.0033466574071147836,0.3195414091129602,0.019425096013847936,0.008529791336942042,0.2606490862253403,0.32337747231261604,0.02280820789857416,0.022694220390077607,0.011478658254530597,0.3189553849854744,0.01627204593593916,0.3140582254617683,0.008477552308645563,0.00936817369284885,0.33793287526056015,0.0024962861023942063,0.3028140564998907,0.021404952472718574,0.3093830381182791,0.292610046174722,0.0024854520555978744,0.0018640898466290201,0.0022820835836550634,0.2433701257987371,0.0023777595417629046,0.024027733185351938,0.051107729144775065,0.0035847262412932205,0.04885816996013267,0.03324633723352598,0.004916602647798318,0.00324288129133225,0.002469642236110256,0.2373711940667694,0.002999877444635193,0.004092940979851312,0.0036963352355535426,0.002648941429511951,0.29709495387957663,0.3003048031907415,0.026271589451706004,0.0012054570374587727,0.002334454206395667,0.006272077229178142,0.2774400477659826,0.023322554393820177,0.026274682264812107,0.28039028976560254,0.006406123487703353,0.0,0.0025652961521454355,0.21018717869879427,0.0,0.0067682338695851645,0.06718493171786581,0.06686432541413798,0.005819840308721165,0.03427069675545588,0.0362987297307596,0.28884587320441646,0.005788945385254879,0.27518488085907084,0.025398836783328823,0.2962221237128076,0.006378474236227785,0.21755388849589608,0.0007915729883475621,0.0,0.006009783183814972,0.0,0.006339334107477812,0.005663120013278141,0.006052255046914878,0.0058770612208577,0.00036580341468994584,0.0,0.0012602249181444662,0.25408511697125413,0.2684293643802954,0.2546101042193292,0.004127844881092178,0.22284149697266892,0.007135819433415912,0.005081933246740466,0.00311261061624028,0.003290084604693764
0.0027103276470266937,0.005673483665819459,0.005009702911200308,0.0005830851873342757,0.005661138335227519,0.0007684131753340682,0.005683081216696823,0.0,0.006179601890596254,0.00853201282260005,0.30917576543305564,0.3106214086838444,0.00062491259108205,0.0070832392183409944,0.26749901659181896,0.0027089290898401294,0.2458303466773395,0.0,0.01083628519203012,0.006140235006230008,0.32546217550981343,0.33433480259039244,0.0,0.007037325997017147,0.018261008171186706,0.3123749221663927,0.0030399975195726163,0.30821329259141306,0.01764514155946057,0.007748192107040619,0.25206360225914626,0.31192799627865786,0.02071825317110622,0.020614710531111118,0.010426849353510155,0.30760066823202115,0.014781010801542753,0.30300021740625105,0.007700739829401264,0.008509752067433278,0.3257701671798445,0.002267547178055595,0.292294715297373,0.019443580417074457,0.2985573102858909,0.2825723292404263,0.0022577058733203783,0.0016932801361637406,0.002072972398973384,0.23583758503567853,0.0021598814069621404,0.021826031289947704,0.04642464134536269,0.0032562517031802327,0.04438121307962322,0.030199919032622733,0.0044660860183225815,0.002945730585078785,0.002243344734374675,0.22996407859117035,0.0027249935925096717,0.0037178978643147187,0.0033576337762278234,0.002406214438947283,0.28735666813020116,0.29044059091421803,0.023864279205462493,0.0010949989670395717,0.0021205442128350133,0.0056973561675999415,0.268537571362962,0.021185469225675956,0.023867088618864385,0.2713501636375176,0.005819119540378493,0.0,0.0023302337200432253,0.2040060341103314,0.0,0.006148049134543685,0.06102866261146479,0.060737434006463246,0.005286558482266019,0.03113041475626548,0.032972615634499346,0.2795021930998196,0.005258494512973786,0.26639915192278224,0.02307149834255535,0.2865796848201104,0.005794003836654214,0.21113977095040418,0.0007190398144792051,0.0,0.00545909656994661,0.0,0.0057584501842060385,0.005144198732982865,0.005497676664282185,0.005338536145289708,0.00033228422812101943,0.0,0.0011447483740397635,0.2464029625559209,0.2602392868200825,0.24690726272250507,0.0037496034619567352,0.21625984706492676,0.006481952210460733,0.004616267094409152,0.0028273968326275427,0.002988608578873291
0.0013478927701250963,0.0028215214581049364,0.0024914118194858366,0.0002899783386842923,0.002815381911888841,0.0003821451493652045,0.0028262944859905868,0.0,0.0030732227964112386,0.004243117399777596,0.018287479375085233,0.018453990074814464,0.0003107798292961663,0.00352261725328382,0.013407911934223474,0.0013471972434708024,0.009843898887929128,0.0,0.005389071864198562,0.0030536449646026654,0.02232296121777826,0.023255293612453265,0.0,0.003499783814993266,0.009081514892171799,0.02148261654704068,0.0015118432940479827,0.020648918148700564,0.008775233784713158,0.003853309814434228,0.012330982813639403,0.020795970977617678,0.010303545288921445,0.010252051744957429,0.005185452347135154,0.020937502222129697,0.007350852070005919,0.019772801487428583,0.0038297109768449006,0.004232046741593618,0.023095585981078855,0.0011276903921825356,0.018081160682157454,0.009669628503502645,0.01901218153848168,0.016595706609370434,0.0011227961412915973,0.0008420974695938922,0.0010309249925227147,0.008179826634494406,0.001074146343880474,0.010854462488518051,0.02308777630398746,0.0016193902361727782,0.022071544119409682,0.015018941553834422,0.0022210617456002732,0.0014649627187029754,0.0011156540987503885,0.008393349686707583,0.0013551863982239876,0.001848974848805058,0.0016698092928617556,0.0011966520170303657,0.01372661499030761,0.014017646878756295,0.011868118395418773,0.0005445619065968788,0.0010545832775408273,0.002833393665728989,0.01149855185129697,0.010535899905800247,0.011869515565246872,0.011917007934271813,0.002893948694938948,0.0,0.0011588654926623478,0.004829494005189147,0.0,0.00305753106563196,0.030350608419848726,0.03020577540249535,0.0026290968787138994,0.015481693155068425,0.01639785148286822,0.012489552973169879,0.002615140181872649,0.01109924751512924,0.011473854773978635,0.013222974050339436,0.0028814582215071836,0.005111314534306443,0.00035759092389875397,0.0,0.002714903050971709,0.0,0.0028637767758196075,0.002558298915587158,0.0027340895985032295,0.0026549462686481728,0.00016525068812335707,0.0,0.0005693031463090339,0.007285668209056377,0.00820848518074015,0.0073338960873688686,0.001864742590347689,0.005315741452162156,0.0032235868347360577,0.0022957493896896375,0.0014061132989415751,0.001486286685898044
0.00024033031944110646,0.000503079449913039,0.00044422064700355116,5.170336121064693e-05,0.0005019847640922962,6.813677456796897e-05,0.0005039304844625847,0.17579265384006695,0.000547957992464531,0.0007565511016280804,0.003260671662760667,0.0032903606488159684,5.54122830139287e-05,0.0006280853703754802,0.002390641028433657,0.0002402063065027547,0.0017551747562696651,0.0,0.0009608756655722081,0.0005444672499686855,0.003980201184581005,0.004146436768897358,0.0,0.0006240141507355097,0.0016192411024225997,0.0038303670823176235,0.000269562824177568,0.003681718015543549,0.0015646309449784894,0.000687048108821432,0.0021986237364784657,0.003707937648241105,0.001837130063716106,0.0018279487251524472,0.0009245701487945269,0.0037331727781849443,0.0013106625877849923,0.0035255057398061933,0.0006828404178967634,0.0007545771947441287,0.004117960775171368,0.0002010680657918675,0.0032238848808466987,0.001724102212454141,0.003389886616864594,0.0029590272751523947,0.00020019541708707846,0.00015014662764996115,0.00018381472047647356,0.001458469391343691,0.0001915211207248573,0.001935359024876247,0.00411656830372875,0.0002887385268214566,0.0039353733222294105,0.0026778888508804314,0.00039601702052975246,0.00026120398147288983,0.00019892198539916219,0.0014965407160690762,0.00024163077895075167,0.00032967364014472005,0.00029772828347610243,0.00021336397663596128,0.0024474660288885874,0.0024993572388339693,0.002116094654080791,9.709580752164691e-05,0.00018803301092349783,0.0005051962736797358,0.0020502006545193166,0.0018785590709307655,0.002116343770537636,0.0021248116965268235,0.0005159932820444621,0.0,0.00020662661022728757,0.0008611025021658768,0.0,0.0005451601447763814,0.005411536865871916,0.005385713027286501,0.0004687699991478447,0.002760397817922465,0.0029237495536531353,0.0022268969180982857,0.00046628150934765897,0.0019790043837236027,0.0020457971466047906,0.002357666461245729,0.0005137662210078875,0.0009113513196452791,6.375873724869965e-05,0.0,0.00048406930577356695,0.0,0.0005106136056185481,0.00045614666777375436,0.0004874902819813362,0.00047337896528962833,2.946432501515916e-05,0.0,0.00010150718962501656,0.001299040255154665,0.0014635792322202157,0.0013076393230165185,0.00033248504061054047,0.000947800796606317,0.0005747680163507076,0.00040933388501640945,0.00025071108458698366,0.0002650060612535142
0.0008911956543416065,0.22065884679217052,0.21367639576515535,0.0001917269986281294,0.001861465675013923,0.00025266557102341807,0.0018686808176667422,0.0,0.002031944129154329,0.2248354257314989,0.012091260157456847,0.012201353196969404,0.00020548046511152727,0.0023290733933856974,0.008865002553924192,0.0008907357881374665,0.006508559215646221,0.0,0.23036684992472578,0.002018999717687821,0.014759427804834847,0.015375864510300031,0.0,0.0023139764498978778,0.283054585643861,0.014203811263734947,0.000999595964578114,0.013652589084864362,0.28176172237154296,0.002547719698160363,0.008152961823703944,0.013749817028358266,0.006812466829202229,0.006778420483955404,0.23435835407668057,0.01384339422741912,0.26303252881015243,0.013073320927539501,0.0025321166902852114,0.0027981318311609844,0.015270269502892396,0.000745602913844983,0.011954846989716788,0.2904243612760324,0.01257041653623239,0.01097269897042816,0.0007423669478824552,0.0005567754513324447,0.000681623860333584,0.005408312969326619,0.0007102008223579683,0.2603542577552377,0.33138186477253356,0.001070703525642078,0.3231099177406505,0.28481719272288714,0.001468514869710029,0.0009685996079342337,0.0007376447938529053,0.005549489493492171,0.0008960180332505107,0.0012224995836197454,0.0011040394446507164,0.0007911987518395875,0.009075721674096636,0.009268145255563163,0.267872223687238,0.0003600517900500921,0.0006972661734794289,0.0018733746317983122,0.0076025776443228825,0.2572880599767864,0.26937050821624736,0.007879251168319435,0.2068587137298021,0.0,0.0007662151722434707,0.0031931502011795466,0.0,0.002021569118181985,0.3299022098247666,0.3285910854794106,0.0017382983016782966,0.27573437183097443,0.2839286217340077,0.008257804760927138,0.0017290704551837042,0.007338566814203643,0.25478242321090405,0.008742725884671563,0.0019051538090346526,0.0033794834440162708,0.00023643088268883068,0.0,0.0017950313664492803,0.0,0.0018934632443929392,0.0016914883191090344,0.0018077170697640339,0.0017553893229282041,0.00010925994885989921,0.0,0.00037641012789654414,0.004817116013081097,0.005427261340027937,0.004849003175415397,0.0012329248511581058,0.0035146458136508765,0.21757794156278407,0.0015178966197429168,0.0009296897270339771,0.000982698523900527
0.000428308028014399,0.0008965700525339857,0.0007916740166776835,9.214386571509976e-05,0.0008946191429431022,0.00012143090234447064,0.0008980867356164019,0.0,0.0009765509725655932,0.0013482980889968415,0.005811051444225645,0.0058639620844672296,9.87537723940301e-05,0.31559324536310557,0.00426051422458851,0.00042808701662808184,0.003128009151848745,0.0,0.001712437958079222,0.0009703298971799381,0.0070933710088386046,0.007389630072072638,0.0,0.31239748544778834,0.0028857530962856214,0.006826342075414898,0.0004804051437121274,0.006561425069503017,0.002788428843154193,0.0012244323617788097,0.003918307931794285,0.006608152753309485,0.0032740669451364604,0.0032577042946648985,0.0016477355754033524,0.006653125891813474,0.0023358155961008637,0.0062830291853369965,0.0012169335667593965,0.001344780263335412,0.007338881183014889,0.0003583362555180553,0.0057454913681802755,0.0030726327848636407,0.00604133367541032,0.005273471695159611,0.0003567810524676591,0.00026758590489672345,0.00032758796572310625,0.0025992315508857585,0.000341322034321487,0.003449127057178266,0.007336399570628069,0.0005145793894098581,0.007013480409231517,0.0047724369344226995,0.0007057672519958563,0.00046550831569788044,0.00035451158843860574,0.002667080892803776,0.0004306256600526037,0.0005875324720870914,0.0005306006095124022,0.00038024958438360134,0.004361785691057527,0.00445426433401308,0.0037712275774811517,0.1997519540803616,0.0003351056508289994,0.0009003425795096761,0.0036537936678696227,0.0033479002276951045,0.0037716715438463853,0.0037867627761562937,0.0009195846184330427,0.0,0.00036824249294703125,0.0015346258244845017,0.0,0.0009715647493175953,0.009644245840220776,0.009598223526407011,0.0008354249867192723,0.004919481439874449,0.005210601012162446,0.003968695376430647,0.0008309900899424939,0.0035269102416860044,0.0036459458948728462,0.004201748140143843,0.0009156156305705822,0.0016241774548185679,0.0001136285221239875,0.0,0.0008626908592321099,0.0,0.000909997153119897,0.000812928140793289,0.0008687875996552127,0.0008436389199590033,5.251025743803691e-05,0.0,0.00018090245258559022,0.0023151026940359093,0.0026083381250141557,0.002330427642661773,0.0005925428486066856,0.0016891363981414225,0.001024330830256504,0.0007295000876234171,0.00044680825328456426,0.0004722842451643733
0.0002982776346093882,0.0006243795984194386,0.0005513290380548136,0.20347061142251283,0.0006230209671072891,8.456559286947259e-05,0.0006254358304129704,0.0,0.0006800790438664628,0.0009389671414723424,0.004046869463111778,0.004083716917711433,0.20670568817608054,0.0007795263579062017,0.0029670611382684366,0.00029812372025518375,0.0021783742302831557,0.0,0.0011925574823314527,0.0006757466299741474,0.004939888555747684,0.005146206081530954,0.0,0.0007744735049536082,0.002009664893784937,0.004753927160153174,0.2907949008825803,0.004569436530226106,0.0019418873922780278,0.0008527059142545233,0.002728745540878614,0.004601978117319821,0.0022800902156222425,0.0022686951159291003,0.0011474981502717207,0.004633297822990804,0.0016266833804601522,0.00437555908599749,0.0008474836847035609,0.0009365172954535231,0.005110864090260384,0.2551116015459511,0.004001212825531855,0.00213980962098981,0.004207240118615878,0.003672494000880342,0.00024846559355157287,0.0001863492756309582,0.00022813526049319014,0.0018101286646306613,0.00023769979168836617,0.0024020036814434544,0.0051091358726591644,0.0003583578010514334,0.0048842520102717595,0.0033235688033244775,0.0004915027801043572,0.0003241842557587928,0.00024688511801027773,0.0018573795679371697,0.0002998916547935427,0.0004091629961800587,0.00036951512550761326,0.2596313142808835,0.0030375875153056363,0.0031019904894935045,0.0026263174346733338,0.00012050709151219839,0.00023337064527343668,0.0006270068207669294,0.0025445353841611236,0.0023315083900121453,0.002626626616917435,0.0026371362893548365,0.0006404071529571322,0.0,0.00025644744570422156,0.001068727483488427,0.0,0.0006766065923157835,0.006716341157900913,0.006684290796932291,0.0005817976144118102,0.0034259719440542648,0.00362871028125779,0.0027638358189427913,0.0005787091116666087,0.0024561726037373274,0.002539070123149599,0.0029261358986817027,0.0006376431134482385,0.001131092059271166,7.913194380322028e-05,0.0,0.0006007858178232507,0.0,0.0006337303542784754,0.0005661306048064044,0.0006050316437085627,0.0005875178727710674,3.656862434719793e-05,0.0,0.00012598212529990876,0.001612258725702985,0.0018164705662826236,0.0016229311603239854,0.00041265226829035576,0.0011763300625159128,0.0007133533744926892,0.0005080305442613351,0.00031116136097545164,0.0003289030751162428
0.21884988636608826,0.0007720434302985373,0.0006817166397501234,7.934579787334222e-05,0.0007703634869092943,0.00010456509240444224,0.0007733494578714136,0.0,0.27419455334729637,0.0011610299482478258,0.005003941496775763,0.0050495032597143675,8.503763981244279e-05,0.0009638819155678752,0.0036687618636050082,0.0003686290522973755,0.002693552956373124,0.0,0.0014745936155153819,0.2716700763321904,0.006108156825633389,0.006363267804178557,0.0,0.0009576340786171013,0.0024849443868375522,0.005878216138715811,0.0004136805975576721,0.005650094048968813,0.0024011377171562855,0.0010543682092486785,0.0033740853691003225,0.005690331620136719,0.002819324455692087,0.0028052344503844873,0.0014188778916537784,0.005729058338728065,0.0020113889374976384,0.005410365192550892,0.0010479109386611427,0.0011580007212697821,0.006319567541961178,0.00030856613058688546,0.004947487206497333,0.0026458679369997717,0.005202239313213124,0.004541027402829674,0.2235120432853365,0.00023042029937551766,0.0002820885396144767,0.0022382184604698937,0.0002939150526712991,0.0029700700767701206,0.006317430606275699,0.0004431083057459746,0.00603936241030027,0.004109582481950534,0.0006077416579811521,0.00040085282334395485,0.22297952658683642,0.0022966440553576933,0.00037081509785202377,0.0005059287714104228,0.00045690430271305704,0.00032743586813700824,0.003755967509324635,0.0038356015864778547,0.003247433334546522,0.0001490066436217511,0.00028856207660208185,0.26211129487321766,0.0031463100836041026,0.0028829028683054364,0.0032478156374291392,0.0032608108146905753,0.0007918614516046487,0.0,0.0003170964685168694,0.0013214782073203643,0.0,0.2699963175261388,0.00830473493965404,0.008265104768061051,0.0007193909395935439,0.004236203646771581,0.004486888969776778,0.0034174743887213596,0.0007155720155609076,0.0030370497806060616,0.003139552305371926,0.003618157932220456,0.26367819897980954,0.0013985918111893915,9.784640224421413e-05,0.0,0.25812792340471924,0.0,0.2647893880743559,0.2525321882897345,0.0007481197445117848,0.000726464021252609,4.521699019919536e-05,0.0,0.00015577650586126777,0.0019935528967817227,0.0022460602021257565,0.0020067493289766436,0.24076851436903915,0.0014545284614152184,0.0008820592275156353,0.25205516008053375,0.00038475005447322465,0.00040668762879388814
5.229654702426108e-05,0.00010947148978330973,9.666365030094244e-05,1.1250795435020227e-05,0.00010923328309913271,1.4826751961890796e-05,0.00010965667727210883,0.0,0.00011923718566547056,0.00016462762731959396,0.0007095312374185298,0.0007159916434919474,1.2057867151754513e-05,0.00013667312631830003,0.0005202101476515771,5.2269561463399635e-05,0.0003819309165423292,0.0,0.00020908922164262816,0.00011847759037383983,0.0008661028658369844,0.0009022761920844705,0.0,0.00013578721758301043,0.0003523513747802889,0.0008334985477755877,5.865762149103021e-05,0.0008011520967379448,0.0003404680523870938,0.00014950358246294625,0.00047842664999901924,0.0008068575618557679,0.0003997646197543407,0.0003977667349054516,0.00020118904005164345,0.0008123487964317477,0.00028520383035497216,0.0007671598703602512,0.00014858797719592367,0.00016419809968272253,0.0008960797365210732,4.375297125312725e-05,0.0007015263311931774,0.0003751694444459623,0.0007376487713994626,0.0006438925783519358,4.3563080463934326e-05,3.267232445615169e-05,3.9998595248008096e-05,0.0003173670025705669,4.1675529410599814e-05,0.00042113951534971083,0.0008957767308560034,6.283030780614629e-05,0.0008563481981075068,0.0005827160740329775,8.617440689424573e-05,5.68387140323701e-05,4.328597818110887e-05,0.00032565142889017223,5.2579530636389036e-05,7.173790250261196e-05,6.478650389792386e-05,4.6428595706836056e-05,0.0005325754260540515,0.0005438670978970603,0.00046046809175919303,2.1128318206886637e-05,4.091650700062345e-05,0.00010993211653200534,0.0004461293738866537,0.000408779687137467,0.0004605223001941931,0.0004623649444794472,0.00011228157563055078,0.0,4.496252600730644e-05,0.0001873783033366377,0.0,0.00011862836621426564,0.001177565497510788,0.0011719461582943725,0.00010200565771729673,0.0006006702551153788,0.0006362160478767747,0.0004845789730831181,0.00010146415540432408,0.0004306368670224398,0.00044517115829712976,0.000513034789970705,0.00011179696094483,0.00019831258600366098,1.3874078844850954e-05,0.0,0.00010533482945996877,0.0,0.00011111094305353191,9.925878564413031e-05,0.00010607924341295868,0.00010300858158943879,6.4115192052203e-06,0.0,2.2088247241838835e-05,0.00028267477839703776,0.00031847891818032894,0.00028454595951912017,7.234967107599345e-05,0.00020624409373158937,0.00012507112155065364,8.907219370475604e-05,5.455543043881175e-05,5.766605718449427e-05
0.0024665583352234083,0.005163205430543664,0.004559125715361306,0.0005306419799622463,0.005151970450113883,0.0006993014016570917,0.0051719397690433875,0.0,0.005623802925942854,0.007764635898137189,0.2997238361560017,0.3011143087265514,0.0005687073893115577,0.006446166297844749,0.2596483449337628,0.0024652855655309365,0.23895136005846032,0.0,0.00986165993347027,0.005587976734643856,0.3150960871066917,0.32364224832568933,0.0,0.006404382553035323,0.01661859663485171,0.30241790498392995,0.002766577402251054,0.29846311101769013,0.016058121621358282,0.007051312724311757,0.24470702520414794,0.3020740973252448,0.018854834804390565,0.01876060488277532,0.009489049123353454,0.2978252039575766,0.013451593365683391,0.2934863363299158,0.007008128347299231,0.007744377295357113,0.31529244474614404,0.0020636019407768162,0.2832515265725841,0.01769480726691245,0.28924670783604745,0.2739497195038389,0.0020546457718609475,0.0015409849943067678,0.001886527392725043,0.22940947810255038,0.0019656197261910097,0.019862978360614875,0.04224916725318482,0.0029633814896422826,0.04038952676771802,0.027483711091057638,0.004064402215873423,0.002680788920822696,0.002041576286697893,0.2236395289265938,0.002479905212349005,0.003383506778892577,0.0030556451676489217,0.002189797343222056,0.2790148852935895,0.281989810787383,0.02171790442122604,0.0009965137728552569,0.0019298205547642602,0.0051849308179940995,0.2609221814927041,0.01928002902583955,0.021720461153454003,0.2636146315516062,0.005295742683261138,0.0,0.0021206503986691836,0.19874990347964028,0.0,0.005595088053212941,0.055539689681792605,0.05527465444005347,0.004811080646793415,0.028330517190518902,0.030007028861109154,0.271505198985953,0.004785540776197642,0.2588861020051952,0.020996426983782485,0.2783236691264166,0.005272885908570416,0.20568453956489247,0.0006543687253852191,0.0,0.004968100503333247,0.0,0.0052405299836733345,0.004681524861691243,0.005003210669206186,0.004858383391949397,0.00030239828510560346,0.0,0.0010417886733431584,0.23985768651571945,0.25325686821348103,0.24034407656708245,0.003412360746501601,0.21066142345527183,0.0058989595854844834,0.0042010758705957685,0.0025730982127390918,0.00271981042920288
0.0021416166972569217,0.004483010518548457,0.003958511589804671,0.00046073579867296596,0.004473255621882048,0.0006071762166810244,0.004490594205057461,0.0,0.0048829294147590685,0.006741731444216958,0.28600712342602513,0.28731949750987024,0.0004937865135440667,0.005596955555283363,0.2481968002558204,0.002140511600821033,0.22885454828574092,0.0,0.00856249587718612,0.004851822925855326,0.30012728972316416,0.30820957030699,0.0,0.005560676354309312,0.014429281290423021,0.28804114738749864,0.0024021115877552847,0.28437225733548377,0.01394264262870893,0.006122380667959532,0.23396853625096165,0.2878309647738538,0.016370919943171074,0.016289103766099332,0.0082389723986902,0.28370554204265247,0.011679495491862613,0.27972462607555415,0.006084885352503192,0.006724141687122092,0.30017994994325164,0.001791745327790564,0.27014720466192543,0.01536371313680298,0.2757679166543809,0.26143365334398544,0.0017839690345564775,0.0013379773536679074,0.0016379983827654208,0.21994094834706718,0.0017066711806298942,0.0172462517942,0.036683309185316926,0.0025729889246609568,0.03506865565870171,0.02386303771317984,0.003528962411138008,0.0023276247849760403,0.0017726213087597509,0.21433489417145055,0.002153205271709114,0.002937767377920943,0.002653097888859226,0.0019013158889787322,0.2668298676467959,0.2696492512602945,0.01885681196902032,0.0008652341623211627,0.0016755881520306355,0.004501873827740784,0.24976425559623186,0.016740099553167943,0.018859031880202486,0.25228847174967184,0.004598087461742909,0.0,0.0018412782856088888,0.1909465432637475,0.0,0.004857997407265145,0.048222953045309394,0.04799283325006092,0.004177274260204822,0.024598286523656882,0.026053936420766224,0.25980179617119414,0.0041550989836129,0.24787007231179525,0.01823038116271899,0.26625201110095137,0.00457824181300067,0.19758884225325507,0.0005681629209555188,0.0,0.004313608496360697,0.0,0.004550148421482115,0.004064786009414712,0.004344093288227637,0.004218345394588908,0.00026256067304621865,0.0,0.0009045445980270157,0.23018225717319812,0.24294958786705623,0.23064310240354544,0.002962820156090085,0.2023555361556576,0.005121837243542455,0.0036476308313608714,0.00223412113039883,0.0023615056434604124
0.21636863475892448,0.000757325113235796,0.0006687203221117371,7.783314124695985e-05,0.0007556771964638126,0.0001025716524976894,0.0007586062425618172,0.0,0.271082889295716,0.0011388959513416643,0.004908545830388869,0.004953238999092289,8.341647331337327e-05,0.000945506369468241,0.003598820202013052,0.0003616014693178109,0.00264220277983985,0.0,0.0014464818079147946,0.26858704254556637,0.005991710282213084,0.006241957798262413,0.0,0.0009393776419374673,0.0024375711459894136,0.00576615320870747,0.0004057941471863456,0.005542380062444926,0.0023553621754633172,0.0010342676229402159,0.0033097614511570354,0.005581850540328903,0.002765576558082789,0.002751755166116607,0.0013918282544661406,0.005619838968688564,0.0019730436074853956,0.00530722142213063,0.0010279334544375334,0.0011359244738649676,0.006199090642434905,0.00030268359345675936,0.004853167790631148,0.0025954268326854116,0.005103063276421356,0.004454456779361511,0.22097847110105415,0.0002260275425812667,0.00027671077406026933,0.0021955488286019833,0.0002883118252297344,0.002913448348803911,0.0061969944455158325,0.0004346608424541988,0.005924227370841115,0.0040312369697797406,0.0005961556071666999,0.00039321092300786877,0.2204520000896764,0.002252860591810904,0.00036374583987034895,0.0004962836921615749,0.00044819383108575344,0.0003211935963478539,0.0036843633501412324,0.003762479274881592,0.003185523924295484,0.00014616596531375514,0.00028306089885866113,0.25913697731884533,0.0030863284976325994,0.002827942905158805,0.003185898938915783,0.0031986463747526897,0.0007767653217017324,0.0,0.00031105130812828576,0.001296285407947246,0.0,0.26693223023315227,0.008146412600305084,0.008107537942466722,0.0007056763951450446,0.004155444215412369,0.004401350447083882,0.0033523232979497555,0.000701930275481366,0.002979151144529325,0.0030796995503945836,0.0035491809892926446,0.2606860350061959,0.0013719289099708943,9.59810481525123e-05,0.0,0.25519896704606754,0.0,0.26178467772376174,0.2496669332856377,0.0007338575111082004,0.0007126146348322939,4.435496874773727e-05,0.0,0.0001528067661883253,0.0019555475949234657,0.0022032410744711,0.0019684924489486626,0.23803794754905247,0.0014267991780203548,0.0008652435577369653,0.24919586325834656,0.000377415139014577,0.0003989344931137251
0.0022497855590590345,0.0047094385931238,0.004158448251508923,0.0004840066608201359,0.0046991909957464035,0.0006378434973180416,0.0047174053167743195,0.0,0.00512955660893955,0.007082243085646783,0.29112811623073714,0.2924687510032626,0.0005187267025198571,0.0058796468103279554,0.25249884008361173,0.002248624646368163,0.23267607459840864,0.0,0.008994970761420461,0.005096878992250112,0.30568173119305625,0.3139326861264155,0.0,0.00584153521802007,0.015158076006959707,0.29337529016034375,0.0025234375359055607,0.2896061640519808,0.014646858180255951,0.0064316101156103095,0.23800617864687595,0.2931225275652579,0.017197783022439406,0.017111834470623772,0.008655106746132873,0.28894660873706346,0.01226940391730395,0.28484193484360093,0.006392220985261224,0.007063764904397038,0.3057796891901674,0.00188224287247006,0.275030799424462,0.016139704174410595,0.280785110705496,0.26610770549792523,0.0018740738139062807,0.0014055559673613078,0.0017207304705962553,0.22353978868344043,0.0017928717968819345,0.018117326169610273,0.03853611123285099,0.0027029455521781496,0.03683990472133307,0.025068312976433877,0.0037072033857457275,0.002445188550712333,0.0018621529367211437,0.21786633727818283,0.0022619594496931608,0.0030861482501452348,0.002787100663144219,0.0019973476279451547,0.27141521511707484,0.27429146641481994,0.019809232582157082,0.000908935443997973,0.0017602188254309736,0.0047292546510912786,0.25397848960271596,0.01758560917094388,0.01981156461670203,0.25656272384202794,0.004830327847167785,0.0,0.0019342776429030122,0.19393995308673023,0.0,0.005103365334613932,0.050658599886468696,0.0504168571913978,0.004388260195615381,0.025840697763237833,0.02736986968357119,0.26421588789414824,0.00436496488926642,0.252034350536028,0.01915116198363609,0.2708001028004941,0.004809479833605117,0.20069294418022351,0.000596859716491639,0.0,0.0045314804068239,0.0,0.00477996749994411,0.004270090383755231,0.004563504925777736,0.004431405752497634,0.0002758220980219314,0.0,0.0009502313727627354,0.23387515541429268,0.24687722547686397,0.23434533389017909,0.003112466395036165,0.20553919971630982,0.005380531203894592,0.003831865515283522,0.0023469622098099227,0.0024807806649521477
0.21130287884799756,0.0009721083835438253,0.0008583745870956555,9.990722320093277e-05,0.0009699931048062921,0.00013166176793070705,0.0009737528510736393,0.0,0.26485041211325927,0.0014618956679687495,0.0063006474621480546,0.006358015959804366,0.00010707403150427716,0.0012136593021813426,0.004619473497050821,0.0004641544479143178,0.003391551961522507,0.0,0.0018567152568196893,0.26241266703532246,0.007691005745496213,0.008012225396160077,0.0,0.0012057924200339048,0.0031288852107074655,0.00740147893819734,0.0005208805116568765,0.007114241993730576,0.003023361139137368,0.0013275939349116585,0.004248435444657131,0.007164906604982608,0.003549915499246754,0.0035321742534227996,0.0017865615321255566,0.007213668845981453,0.002532614062854832,0.006812390540877562,0.001319463347140803,0.0014580814564549294,0.007957200782780293,0.00038852700592918743,0.0062295637812138606,0.003331509993307891,0.006550331563109383,0.005717775237703919,0.2157838356658183,0.0002901307050498491,0.00035518809369937935,0.0028182234887796287,0.00037007929287217995,0.003739724875612813,0.007954510088172422,0.0005579340253785957,0.007604384157562407,0.005174527010772131,0.000765229956718694,0.0005047285875992624,0.21526937190061293,0.0028917893121193916,0.00046690697857138284,0.0006370335927525751,0.0005753050744475064,0.0004122865890664379,0.0047292773448260935,0.004829547551110326,0.004088963192513204,0.00018761976565543698,0.00036333916309504627,0.25317053129693506,0.00396163517422501,0.00362996942560417,0.0040894445641856516,0.004105807271600434,0.0009970619857647143,0.0,0.0003992678693194668,0.001663921994012497,0.0,0.26079776993659826,0.010456798336882768,0.01040689852485804,0.0009058116887983036,0.005333960393695976,0.0056496075380936825,0.0043030681609941505,0.0009010031405708973,0.0038240614933093345,0.003953126206185364,0.004555756218969485,0.2546864924335718,0.001761018579339792,0.00012320201712541157,0.0,0.24931696431903813,0.0,0.25575738857734764,0.24390436770619198,0.000941985187612247,0.0009147176670223635,5.6934381572627005e-05,0.0,0.00019614394911481324,0.002510156045561083,0.002828097315181211,0.002526772160492065,0.23249637698477096,0.0018314504805747504,0.0011106333351202453,0.24342289663687955,0.0004844529968705745,0.0005120754065366815
0.00038295881095793934,0.0008016412927178887,0.0007078516400887753,8.238768116234411e-05,0.0007998969452661851,0.00010857380887996056,0.0008029973895263815,0.0,0.0008731538398364233,0.001205540403650183,0.005195777818624632,0.005243086284841983,8.829773149233937e-05,0.0010008342983042287,0.003809411346039377,0.0003827612002381393,0.002796815812701221,0.0,0.001531125174808103,0.0008675914513759158,0.006342325498360793,0.0066072166775375816,0.0,0.0009943469377577212,0.0025802098074019317,0.006103569565371673,0.0004295398885399585,0.005866701949191613,0.002493190237795994,0.001094789568944224,0.0035034378260044127,0.005908482109867804,0.0029274090194358906,0.0029127788449846695,0.0014732734748281455,0.005948693496346778,0.0020884996422941794,0.005617782597224157,0.0010880847456945526,0.0012023950450663066,0.006561841076475212,0.0003203956436971139,0.00513715923777514,0.0027473026906752354,0.00540167778703769,0.004715116967013237,0.00031900510541152784,0.00023925393237062676,0.0002929029801730298,0.002324025138511079,0.0003051828867730383,0.0030839337819169687,0.00655962221699382,0.00046009576805139147,0.006270893708548022,0.004267131723519383,0.0006310406762403697,0.0004162203353907256,0.0003169759320380864,0.002384690597960113,0.0003850310523158791,0.0005253245846283486,0.00047442066275161284,0.0003399887911928168,0.003899960198375245,0.003982647210592701,0.003371930326917478,0.0001547191177707514,0.00029962469342845416,0.0008050143848628452,0.003266930309524712,0.0029934248404067496,0.0033723272861622593,0.003385820660097102,0.000822219078364997,0.0,0.000329253009561711,0.001372139774578717,0.0,0.0008686955574757675,0.008623113922657636,0.008581964447460178,0.0007469702611967136,0.004398607169419285,0.004658903026508022,0.0035484902523495484,0.0007430049309080664,0.0031534812895593085,0.003259913458055814,0.0037568674095460196,0.0008186703265950132,0.001452209686018542,0.00010159754400411863,0.0,0.0007713492254800915,0.0,0.0008136467330521067,0.0007268553793765932,0.0007768004435531559,0.0007543145038936297,4.6950475910504936e-05,0.0,0.00016174851651210148,0.00206997982051298,0.0023321675093563774,0.0020836821649004057,0.0005298044629142884,0.0015102907820263157,0.0009158747703169412,0.0006522606812790925,0.00039950023397249574,0.00042227883002985886
0.00042897059848555065,0.0008979570002521539,0.000792898695628158,9.228640753203377e-05,0.0008960030727045616,0.0001216187496994496,0.0008994760295652243,0.0,0.0009780616466498401,0.0013503838367336298,0.005820040841672004,0.005873033331950339,9.890653939633556e-05,0.0011210826742816067,0.004267105020773721,0.0004287492452059959,0.003132848020984855,0.0,0.001715087011448505,0.0009718309475808087,0.007104344088640931,0.007401061449395141,0.0,0.001113815869454044,0.002890217207774488,0.006836902075203176,0.0004811483057394389,0.0065715752563203856,0.0027927423990334655,0.0012263264956118784,0.003924369352460437,0.006618375225448285,0.0032791317581601087,0.003262743795510575,0.0016502845375173478,0.006663417935082438,0.002339428982586302,0.006292748708052662,0.0012188161003425886,0.0013468605691769908,0.0073502340544184365,0.0003588905832591205,0.005754379347563852,0.0030773859896106558,0.006050679307613986,0.005281629484407375,0.00035733297438966306,0.0002679998465169702,0.0003280947274427009,0.002603252428293279,0.00034185004193820897,0.0034544626791835997,0.007347748603105006,0.0005153754172360624,0.007024329902388811,0.004779819648687573,0.0007068590376036257,0.00046622843309910395,0.000355059999616583,0.0026712067296505346,0.00043129181578121275,0.0005884413545767619,0.0005314214213413741,0.00038083781091637997,0.004368533148988177,0.004461154851643818,0.0037770614724104987,0.00017330833146587412,0.0003356240420204618,0.0009017353631328762,0.003659445898585993,0.0033530792570061266,0.003777506125568844,0.0037926207032382793,0.0009210071684999266,0.16316093869386397,0.0003688121451274516,0.0015369998116364215,0.0,0.0009730677099711555,0.009659164992074832,0.009613071484110704,0.0008367173461682155,0.004927091624419787,0.005218661543700033,0.003974834743879835,0.0008322755888344201,0.003532366190273698,0.003651585985488375,0.004208248028221545,0.0009170320408175563,0.0016266899737327285,0.00011380429959841163,0.0,0.0008640253975822537,0.0,0.00091140487187148,0.0008141856987796637,0.0008701315693489465,0.0008449439859398358,5.259148810320166e-05,0.0,0.00018118229936735092,0.0023186840387280994,0.002612373089823069,0.0023340326942605984,0.0005934594818909108,0.0016917494051969855,0.0010259154173210157,0.0007306285867061977,0.0004474994426518653,0.00047301484457967443
0.25908762241068806,0.0021781534007889484,0.0019233159158830789,0.00022385699132146394,0.0021734138042030448,0.0002950077711774269,0.002181838074847097,0.0,0.32522930456891824,0.003275594650440758,0.01411753764206822,0.014246080292644596,0.00023991529113966353,0.002719384156330813,0.01035061735685777,0.0010400070674529993,0.007599276545699739,0.0,0.00416024665500296,0.32223886876694857,0.01723284214355785,0.01795258254116979,0.0,0.00270175723695318,0.00701073262791532,0.016584114274718134,0.0011671102493058228,0.015940517184091545,0.006774290252511054,0.002974671644794273,0.009519251421408054,0.0160540387802082,0.007954113603063204,0.007914361703398676,0.0040030568018885535,0.016163297832860874,0.005674698446466465,0.015264174114023548,0.002956453853750293,0.0032670483423121633,0.01782929171188658,0.0008705525367222142,0.013958264083699181,0.007464743586751315,0.014676992002135816,0.012811525741141982,0.2644930533825744,0.0006500809915596563,0.0007958517458626248,0.006314648839762737,0.0008292176921594954,0.008379409738383201,0.01782326281047,0.001250134157226378,0.017038753593830558,0.011594297299339642,0.0017146115194852257,0.001130919461415358,0.2638608947857034,0.006479484007324194,0.0010461745217337714,0.0014273685012492945,0.0012890565760072816,0.0009237894161564474,0.010596649207318242,0.010821319516218997,0.009161930124504431,0.00042038998689408193,0.0008141154290329265,0.3108501832200217,0.008876632763896237,0.008133486330316358,0.009163008709323912,0.009199671788672838,0.0022340656575490676,0.0,0.00089461903847962,0.003728264678361823,0.0,0.32026374328956636,0.023430011760431045,0.023318203810720584,0.0020296057968740466,0.011951531503975226,0.012658785872580498,0.00964166414708583,0.0020188315294655088,0.00856837847248366,0.008857567155589073,0.010207849319577881,0.31272241846172316,0.003945824017542346,0.0002760524414031818,0.0,0.30609226129244604,0.0,0.31402690385812465,0.2994128780649245,0.002110657900521987,0.0020495609655409087,0.00012756994893115478,0.0,0.00043948968761192106,0.005624377918867445,0.0063367726162052405,0.0056616087954420085,0.285207584372077,0.0041036371665656,0.0024885391555854995,0.29873163005848663,0.001085488985095733,0.0011473811018295498
0.25775483441629393,0.0021606674592132475,0.0019078757775876924,0.00022205989554751997,0.00215596591151268,0.00029263948589076244,0.0021643225531714433,0.0,0.3235531859803118,0.003249298588527696,0.014004203825307404,0.014131714551650562,0.00023798928135428007,0.0026975532823151132,0.010267523902416541,0.0010316580215073772,0.007538270509280278,0.0,0.004126848718051622,0.32057814244213706,0.01709449905404156,0.017808461466256434,0.0,0.0026800678696294734,0.006954451348052207,0.016450979090948503,0.0011577408350008553,0.01581254871682633,0.006719907102302556,0.002950791354926291,0.009442832068143555,0.0159251589758459,0.007890258979371737,0.007850826202958495,0.003970920765309731,0.01603354091056436,0.00562914268099159,0.015141635243867538,0.0029327198140177324,0.0032408208890859704,0.017686160400245603,0.000863563850438599,0.01384620889503462,0.007404817564007347,0.014559166956129674,0.012708676423676981,0.26313302496894003,0.000644862223113977,0.0007894627481336156,0.006263955633011018,0.0008225608368097358,0.008312140890802875,0.01768017989809139,0.0012400982374297595,0.016901968622782797,0.011501219738726077,0.001700846833837335,0.0011218405822042011,0.26250412690916625,0.006427467524577048,0.0010377759642408058,0.0014159097664279538,0.001278708191927596,0.0009163733508998346,0.010511580640122626,0.0107344473240382,0.009088379301674542,0.00041701514894778414,0.0008075798127522774,0.30924840197018,0.00880537227239815,0.008068191724928522,0.009089449227750734,0.009125817980509418,0.0022161308594076533,0.0,0.0008874371493465134,0.003698334638392658,0.0,0.3186131456715739,0.023241918572590142,0.023131008203038917,0.0020133123767811408,0.011855586112092828,0.012557162731571661,0.009564262079854289,0.0020026246038363804,0.008499592607670792,0.008786459720396773,0.010125901988985348,0.31111092047528505,0.0039141474385586275,0.0002738363271201118,0.0,0.3045151650679242,0.0,0.31240875008045205,0.29787041401461206,0.0020937138043341554,0.0020331073478635194,0.00012654583342440608,0.0,0.00043596151967024993,0.005579226120259798,0.006285901802558534,0.005616158112039397,0.28373957962948565,0.0040706936834681955,0.0024685614762045838,0.297193249370231,0.0010767748160351073,0.0011381700706393735
0.0014963186888212663,0.24760449296543513,0.23967995485743052,0.00032190988567019294,0.0031254033438710737,0.0004242258297627643,0.003137517577980418,0.0,0.0034116368950884014,0.2527991570117131,0.02030124188427383,0.020486088244025737,0.0003450019741862538,0.003910517324878614,0.014884351077412717,0.0014955465728529486,0.010927879578661289,0.0,0.2594053226667731,0.003389903211021643,0.024781098912559585,0.02581609696082142,0.0,0.003885169536685468,0.3196479729208974,0.023848218001150504,0.0016783229538675764,0.02292271522976842,0.3180896366507257,0.004277624761368241,0.013688833744445447,0.02308596107619602,0.011438140865981945,0.011380977007035031,0.263789682594659,0.023243077317865454,0.2966333376729463,0.021950123223263857,0.004251427290395759,0.0046980670656939305,0.025638802802955475,0.001251868283906818,0.02007220399422538,0.32810110171241214,0.02110574608145761,0.018423176163702485,0.001246435092752293,0.0009348267232307327,0.001144447367976828,0.009080564667897133,0.0011924281252196493,0.2949417592960394,0.378848331284746,0.00179771264345837,0.36922816899041067,0.3238222556572068,0.0024656384191891105,0.0016262800298411217,0.0012385065898567883,0.00931760023971868,0.0015044154694224935,0.002052578426673148,0.0018536836958065878,0.0013284237565366719,0.015238148760413031,0.015561228209595256,0.3037184918790516,0.0006045274343191457,0.0011707108325510732,0.0031453984981495266,0.012764737975320703,0.2913973982893968,0.3053931432734665,0.013229273190053018,0.23221158514667636,0.0,0.0012864762931696727,0.00536130343428143,0.0,0.0033942172378683333,0.3798919961476017,0.37837320773311256,0.0029186051602429477,0.3138452563782174,0.3233414410791393,0.013864865175471534,0.002903111593706614,0.012321463440448233,0.28894598465374743,0.014679048387124482,0.0031987557789917766,0.005674157196804818,0.00039696776645883316,0.0,0.0030138600514414966,0.0,0.003179127305411314,0.0028400111372575794,0.003035159364177409,0.00294730100765052,0.00018344759943819943,0.0,0.0006319931053179363,0.008087944192140931,0.009112379007503668,0.008141482780106263,0.0020700824647343916,0.005901094995170812,0.24431129646375077,0.0025485504431660435,0.0015609502880641868,0.0016499521284983692
0.003907185514203332,0.0081788462802559,0.00722194553362474,0.0008405706963135215,0.008161049355625848,0.0011077379632982382,0.008192682028786528,0.0,0.00890846205143086,0.01229967784302046,0.35111416096130105,0.35281245845742937,0.0009008687293573579,0.010211138014217469,0.30209829286485584,0.003905169365939438,0.2758967486229487,0.0,0.015621497488144514,0.008851711082409144,0.37175485032659467,0.38211556102753497,0.0,0.010144949900959745,0.02632491561656073,0.356846111214425,0.004382434826548921,0.3517097300008128,0.025437087494873063,0.011169728499469322,0.2844546617531052,0.35587757760137256,0.029867259317724174,0.029717993119766493,0.015031258230903477,0.35124080767053484,0.021308180711076236,0.34539308584072487,0.01110132169558647,0.012267586925814106,0.3726313758532942,0.0032688769184754584,0.3324963981865613,0.028029701808628835,0.33999991595076784,0.32081954674271057,0.003254689776435832,0.0024410183863803744,0.002988379555327009,0.26379929479098024,0.003113666849444372,0.03146422292603076,0.06692537205443619,0.00469418503671428,0.06397958307280893,0.043535948985290666,0.006438271998265222,0.004246540407537734,0.0032339868794566875,0.2575207387498173,0.0039283278177200485,0.005359690255410251,0.0048403365795530225,0.00346877847415808,0.32405195739266385,0.32763004437119125,0.03440254395839415,0.001578541290673145,0.003056958681621368,0.008213260677809206,0.3019016424031556,0.030540794047896263,0.03440659398509822,0.30527177248062126,0.008388793730723609,0.0,0.0033592453095658364,0.22662524614565877,0.0,0.008862975863988898,0.08797840614152473,0.08755857343678447,0.007621058193668308,0.04487734378544826,0.047533045059640795,0.3145926830309423,0.007580601411843446,0.29928266289251854,0.03325967774187361,0.32285000772689487,0.008352587143716244,0.23462879764719607,0.0010365617420279854,0.0,0.007869787648047556,0.0,0.00830133329771909,0.007415833577812378,0.007925404387186063,0.007695988755016157,0.0004790181453290157,0.0,0.001650259616900084,0.27473713368266034,0.29052320058937003,0.2753226869090244,0.00540539677800059,0.24037466918431727,0.009344327726669491,0.006654771772983098,0.004075951466408781,0.004308352962346665
0.001314016106615148,0.23596481809339667,0.22843298039371573,0.00028269029706665696,0.0027446227626486525,0.0003725406741992738,0.002755261070422196,0.0,0.002995983317965589,0.24080066845519424,0.017827859144925996,0.017990184922033366,0.0003029689826649701,0.0034340831191087707,0.013070930142322816,0.0013133380606707092,0.009596491632957817,0.0,0.24700620945391397,0.002976897536886222,0.021761916999364583,0.022670817032420115,0.0,0.003411823554885122,0.30416401690809175,0.020942692757695176,0.0014738460529562587,0.020129947747291654,0.3027032097766005,0.003756464365837413,0.012021067540864514,0.02027330468932977,0.01004458571554239,0.009994386361665648,0.2512057977671664,0.02041127882124889,0.28235481483119096,0.01927585057450362,0.003733458639137882,0.004125682476867995,0.0225151233417745,0.0010993480872113295,0.01762672587111391,0.3121783979143534,0.018534347328784555,0.01617860579766173,0.0010945768437986122,0.0008209329873351413,0.001005014697690844,0.007974242599467078,0.001047149764435432,0.2804463804261666,0.3594598428948594,0.0015786900118388873,0.35036818786828994,0.3076465642622469,0.0021652396779564685,0.001428143729703195,0.0010876143026074406,0.008182399165004337,0.0013211264235558008,0.0018025044617092706,0.0016278418835886776,0.0011665764957293088,0.013381623216878847,0.013665340584785433,0.28873366281754176,0.0005308754020922168,0.001028078377723646,0.002762181826083754,0.011209558111919678,0.27709203916115127,0.29033107818068876,0.011617497115026722,0.2212746677589064,0.0,0.001129739662167264,0.004708114065357641,0.0,0.0029806859683235037,0.3598444342393085,0.3584077713562422,0.002563019641511285,0.29809007985449126,0.30707188559291976,0.012175652347808949,0.0025494137191033432,0.010820289513708423,0.2746746054072138,0.012890640312498746,0.002809038372724321,0.004982851583536153,0.0003486035714389546,0.0,0.0026466692424979353,0.0,0.002791801315788732,0.00249400104750588,0.002665373573469616,0.0025882193572992532,0.000161097433442851,0.0,0.0005549948188588642,0.00710255710716923,0.008002180868885638,0.0071495728715498105,0.0018178759117319903,0.0051821406283636354,0.23278944963199905,0.0022380501933578203,0.0013707733756621549,0.0014489317604518522
0.0042340025239582255,0.008862966876741884,0.007826026050234972,0.0009108803349160772,0.008843681326176538,0.0012003948405929228,0.008877959918148945,0.0,0.009653611448248592,0.01332848589909868,0.36301534277814107,0.36478446318145086,0.0009762220043016873,0.011065249901116587,0.3119428694020418,0.004231817734726449,0.28447964316730556,0.0,0.016928159554332585,0.00959211353748865,0.38485850358950546,0.39563709843027484,0.0,0.010993525475037891,0.028526866399951816,0.3694335827921754,0.004749004123105724,0.36402693360669586,0.027564775786541793,0.012104021804637587,0.2936743659412346,0.36832415809235847,0.032365509872838386,0.03220375828551371,0.016288549662298226,0.36359528300060634,0.02309050609030277,0.3574032524500268,0.012029893105285325,0.013293710733201406,0.3858882195667247,0.003542302527745711,0.34389618497068525,0.03037424964136346,0.35174579514982224,0.3316745309740126,0.0035269287004766497,0.0026451976675774206,0.003238342928382712,0.2717965119464197,0.003374109893525386,0.0340960516972949,0.07252335297754692,0.005086830717693148,0.06933116311660525,0.04717751875782693,0.0069768020462531635,0.004601742798811394,0.0035044941071499976,0.26539695435629945,0.004256913278035977,0.00580800220172509,0.005245207124190906,0.0037589248734793963,0.334500578057856,0.33821772483513335,0.037280148951444055,0.0017105785698136068,0.003312658364075651,0.008900259870783637,0.31141697763091214,0.033095382497815004,0.03728453774312667,0.3149426021692467,0.009090475407357463,0.0,0.0036402297939509636,0.2331222292104249,0.0,0.00960432056310008,0.09533737067332215,0.09488242101069448,0.008258522537495499,0.04863111468994887,0.051508952421721606,0.32459423933170023,0.008214681743211473,0.3086645720315619,0.03604168755059573,0.3331829748961697,0.009051240315955783,0.24137412801841845,0.001123265075597491,0.0,0.00852805699747857,0.0,0.008995699335747485,0.008036131883569882,0.008588325805558135,0.008339720674803063,0.0005190856766263324,0.0,0.0017882957842010664,0.28285645162055434,0.2991946845091083,0.28346486396519494,0.005857531851982381,0.24729864918941286,0.01012593516115103,0.007211410971081445,0.004416884924857428,0.004668725672320196
0.004167543207187295,0.008723848697227674,0.007703184284934395,0.0008965826380261835,0.008704865863655735,0.0011815527590141488,0.008738606399311575,0.0,0.009502082860914918,0.013119274387902658,0.36024961358735863,0.36200292267064066,0.0009608986673278618,0.010891563432068306,0.30963578316033485,0.00416539271165251,0.2824475223215155,0.0,0.016662445513822646,0.009441550256412771,0.3818378805754446,0.3925226194101789,0.0,0.01082096483346042,0.028079092446150766,0.3665323864578181,0.004674461047711217,0.36118385005236503,0.027132103355349012,0.011914030179747237,0.29151118445411023,0.3654504277939495,0.031857482383265516,0.03169826974104522,0.016032875303197063,0.36074613349800505,0.022728064346356446,0.3546269844858673,0.011841065046709396,0.013085045072829288,0.38283802499114455,0.003486700528347317,0.34125330593580927,0.0298974781072956,0.3490269670635622,0.3291509842635346,0.0034715680174333312,0.0026036771373659966,0.003187512052096627,0.2698919228170795,0.0033211479415745176,0.03356086063692913,0.07138498509478078,0.005006984923526917,0.06824290166527382,0.046436993534742795,0.006867290184931329,0.0045295112210940874,0.00344948557027005,0.2635249674074127,0.00419009434101114,0.0057168364889163365,0.005162875363682211,0.0036999226462792207,0.33204627805479886,0.33573197656419357,0.03669497848581211,0.001683728353643559,0.0032606609903551085,0.008760556319179932,0.30917065538134686,0.03257589851153216,0.03669929838851908,0.31266215888981636,0.00894778612427902,0.0,0.0035830906723689107,0.23155455406429643,0.0,0.009453565673592868,0.09384090096603373,0.09339309245260766,0.008128892060831025,0.047867772996642265,0.05070043854716357,0.32223766019017525,0.00808573941664099,0.3064470767023097,0.03547595668096822,0.33075189435130736,0.008909166889233884,0.23974761933598493,0.0011056336667699244,0.0,0.00839419575430999,0.0,0.008854497711906327,0.0079099921773602,0.00845351854882794,0.008208815665896818,0.0005109378119949457,0.0,0.0017602256743393396,0.2809113481456817,0.29712209690627917,0.2815145952616605,0.0057655886935539385,0.24562983742220446,0.009966992711620383,0.007098216554360973,0.004347554981688799,0.004595442693243642
0.0036317671127684965,0.007602317533437844,0.006712868939516328,0.0007813186754841909,0.007585775118099514,0.001029653260651994,0.007615177996886887,0.0,0.008280502521859294,0.011432670735890852,0.340444283491752,0.34208028496196086,0.0008373662863737094,0.009491352557785245,0.29323648965170035,0.0036298930832573185,0.268132295752357,0.0,0.014520334553709276,0.00822775194163688,0.36005240297368557,0.37004449880675505,0.0,0.00942983005978463,0.024469266287737303,0.34560546007152887,0.004073515992279913,0.34070268429438316,0.023644021373613044,0.010382371780265215,0.27615065355113083,0.3447534643384985,0.027761909370396545,0.027623164980906976,0.013971701396844678,0.34020515639808707,0.01980616217430711,0.3346529032619483,0.010318786987649604,0.011402841914785494,0.3608027586446722,0.003038453036092361,0.3222877718435828,0.026053881710820733,0.32948930552800115,0.31108587618142536,0.00302526594894321,0.002268950441460435,0.002777727996291292,0.2565440354076825,0.002894183760362164,0.029246302648333493,0.06220778725595174,0.0043632908587564224,0.05946964761406916,0.04046708997388995,0.005984436731084051,0.003947200801977454,0.0030060224039119925,0.2503822684581482,0.003651419090469853,0.004981884462221051,0.0044991401458794955,0.0032242634853480406,0.314635931131427,0.318090954005641,0.03197750075840561,0.0014672695536912062,0.0028414729642721724,0.007634306052228544,0.29330583314212466,0.02838796648323503,0.031981265297800085,0.29654028937223825,0.0077974657400552315,0.0,0.0031224513386051986,0.22069327424346075,0.0,0.008238222666184042,0.0817767881502111,0.08138654954894745,0.007083848056777753,0.04171392954747604,0.04418242983083574,0.305566028571383,0.007046243082766189,0.2908024354158008,0.030915195443143473,0.3135308919149364,0.007763811363655406,0.22847209749088634,0.0009634942675146685,0.0,0.007315044514971929,0.0,0.00771617041299701,0.00689308977107908,0.007366740817435277,0.007153496745701063,0.00044525204659497656,0.0,0.001533932438682708,0.2673499111532486,0.28264248567355255,0.2679152427365066,0.005024369121569623,0.23405634516726898,0.008685643925860185,0.006185675387115077,0.003788636714364515,0.004004656175646099
0.002559209333987631,0.005357150221199262,0.004730379540980478,0.0005505744132348098,0.0053454932227117455,0.0007255691660863812,0.005366212646480468,0.0,0.005835049078324878,0.00805629787131237,0.30247481973748724,0.3038828299740751,0.0005900696684321674,0.006688302774881073,0.2618891611170542,0.0025578887554185037,0.24086765981066927,0.0,0.010232092138239666,0.005797877152624075,0.31816927754928853,0.32681790378319103,0.0,0.006644949512889177,0.017242838743497916,0.3053708246992702,0.0028704979768495336,0.30134509443956065,0.016661310682508704,0.0073161802351169175,0.24680103936061323,0.3049849397302793,0.019563076426416894,0.019465306958938715,0.009845484998413288,0.30072048170928767,0.013956873756786668,0.2962891690530627,0.007271373729162988,0.008035278297362735,0.3184119123894911,0.0021411167427315978,0.2858980226337046,0.018359474930680228,0.29198127900102017,0.2764571696258495,0.0021318241544481813,0.0015988688062419396,0.001957390767264371,0.2311749410593574,0.002039454035407037,0.020609088743354473,0.04383616703626909,0.0030746945896869627,0.041906673125541506,0.028516078031652684,0.004217072809267713,0.0027814870342398206,0.0021182637419730086,0.2253851021483616,0.002573057558062299,0.003510600988631392,0.0031704239558125106,0.002272052406093855,0.2813829992865924,0.2843916333798742,0.022533691141920095,0.001033945685581123,0.0020023101445223058,0.0053796916764544105,0.26305850449759655,0.020004242161177944,0.022536343912336623,0.26579052873011316,0.005494665952901959,0.0,0.002200308104169447,0.20014744509654453,0.0,0.005805255592695436,0.0576259195700498,0.05735092884519715,0.0049917986215905754,0.029394692594653757,0.031134178847479432,0.27375884591571814,0.004965299400273104,0.2609876534535091,0.02178511294459975,0.28065845684671353,0.005470950612259894,0.20713746862631444,0.0006789486897433376,0.0,0.00515471659386782,0.0,0.005437379306110787,0.004857376349969922,0.005191145598175857,0.005040878193396231,0.0003137572311882973,0.0,0.0010809212410623622,0.24162949149506616,0.2551578115226925,0.2421214305092184,0.003540538793942171,0.21215423004798334,0.006120541410434677,0.004358880318087059,0.0026697511545829,0.002821974302287263
0.0008212588528463003,0.20750266438315065,0.2009395505040363,0.0001766811745388586,0.001715386691381588,0.00023283757724979767,0.001722035623913193,0.0,0.0018724868062669044,0.21141302606151588,0.011142395497558015,0.01124384895830591,0.0001893553343058965,0.0021462987772981083,0.008169319265020347,0.0008208350747573527,0.005997798406089338,0.0,0.21660113703618925,0.001860558210722294,0.013601178022598614,0.014169239703685586,0.0,0.00213238657022002,0.266109560258587,0.013089163628292289,0.000921152421670742,0.012581198747542153,0.2648974230031236,0.0023477867587122256,0.007513156108892151,0.012670796703893714,0.006277856793789455,0.006246482243986837,0.2203578600485537,0.012757030408893156,0.2472998024016657,0.012047388803499653,0.0023334082007759605,0.002578547737050722,0.014071931290850064,0.0006870915390129073,0.011016687387217089,0.27303372435022727,0.01158394995986955,0.010111613678972694,0.0006841095162872709,0.0005130823587689896,0.0006281332577006165,0.004983894258667936,0.0006544676354948131,0.2447367400177224,0.31138714678787266,0.000986679799125508,0.3036198378501942,0.2676927180514206,0.001353272798639013,0.0008925885118539087,0.0006797579344742548,0.005113991919849514,0.000825702794366238,0.0011265636235517258,0.0010173996735663652,0.0007291092322361522,0.00836350214962323,0.008540825242488314,0.2517949331100655,0.0003317966359253044,0.0006425480364166437,0.0017263610898087991,0.007005963465412333,0.24185686782836785,0.2532041097896433,0.007260924965531206,0.1945221977821273,0.0,0.0007060862452869403,0.002942566941850736,0.0,0.0018629259768711305,0.30990417015309046,0.3086728280215427,0.0016018849084218883,0.2591441581011886,0.26683964797197135,0.0076097714704387335,0.0015933812194850407,0.006762670951107037,0.2394884286095233,0.008056638287918336,0.001755646388176638,0.003114277636930677,0.00021787691013587355,0.0,0.0016541658317694044,0.0,0.0017448732435141783,0.00155874835092264,0.0016658560213490652,0.0016176347075117872,0.00010068574709222196,0.0,0.0003468712491247757,0.004439091631178557,0.005001355651247286,0.004468476440486831,0.0011361707656169493,0.003238833105859786,0.2045998999421158,0.0013987793035080398,0.0008567320935726294,0.0009055810118694174
0.0021606368627052727,0.004522825113699267,0.003993667995460144,0.2865471173815343,0.004512983581665862,0.00061256868122072,0.004530476152583834,0.0,0.004926295776937837,0.006801606233034966,0.029314351215122565,0.02958126351248316,0.2911239818020863,0.005646663339503069,0.021492532209591537,0.002159521951666673,0.015779512496405156,0.0,0.008638541272444537,0.004894913024514942,0.03578312307988384,0.037277627527772646,0.0,0.0056100619350246544,0.01455743088777916,0.03443607254795982,0.41094324999820053,0.03309967581688695,0.014066470281866927,0.006176754867316279,0.019766242991318798,0.033335397656164924,0.016516313657302873,0.01643377085290037,0.0083121445113041,0.033562268540032664,0.011783223641205608,0.03169528371958469,0.006138926547777355,0.0067838602574671215,0.037021620371082524,0.36026002125431456,0.028983627745655806,0.015500161627392978,0.030476029831865443,0.026602483712053326,0.0017998128530303734,0.0013498602226544578,0.0016525458040122936,0.013112048190144051,0.0017218284999873192,0.01739941952160417,0.03700910166293045,0.002595840201038524,0.035380108045832484,0.024074970560914115,0.0035603038967581156,0.002348296928860907,0.0017883643456033974,0.013454320059149117,0.0021723283578172067,0.0029638583313807286,0.0026766606304373104,0.3667058803669853,0.02200340487431271,0.022469921380923706,0.01902428343295623,0.0008729184958155708,0.0016904694162249907,0.004541855952058788,0.01843187792700635,0.0168887720320158,0.019026523059654264,0.019102652085261365,0.004638924080349948,0.0,0.0018576310800531958,0.007741552597583384,0.0,0.004901142342842179,0.0486512316193907,0.04841906808000062,0.0042143735448966204,0.024816749276597307,0.026285327118241903,0.020020426810388337,0.004192001324831955,0.01779180351805911,0.01839228915790112,0.021196081617907262,0.004618902178068504,0.008193303536065987,0.0005732088998984522,0.0,0.004351918595168428,0.0,0.004590559283006495,0.0041008862613926885,0.004382674129127411,0.004255809440991863,0.000264892531706065,0.0,0.0009125780560832235,0.011678735616681254,0.013157987090346296,0.011756043644442514,0.002989133608742339,0.008520994539562718,0.005167325398307258,0.0036800262371287913,0.00225396284791358,0.0023824786906463838
0.002184110763762257,0.004571962639328672,0.004037056576391092,0.2890595870283768,0.004562014185510684,0.0006192238377913518,0.00457969680172782,0.0,0.004979816746445172,0.006875501219508038,0.029632832396227608,0.029902644520471318,0.29367663621070944,0.0057080106296569675,0.021726034462219178,0.0021829837399471607,0.015950946540441727,0.0,0.00873239335217446,0.004948093041019952,0.03617188322055615,0.03768262447813031,0.0,0.0056710115749476885,0.014715587817433559,0.03481019786894032,0.41455012432556315,0.03345928206472767,0.014219293246853327,0.00624386125391522,0.019980990244897332,0.03369756486703823,0.01669575256224324,0.016612312984460188,0.008402450504503434,0.033926900554118636,0.011911240630390752,0.03203963216927048,0.006205621954518764,0.0068575624455658665,0.037423835971751244,0.3634213803764083,0.029298515833384768,0.01566856070763134,0.030807131888500327,0.026891502233076257,0.0018193666381029023,0.0013645255677914813,0.001670499629277937,0.013254501985681198,0.0017405350362606985,0.017588452792001906,0.037411181256053624,0.002624042300655868,0.035764489692738856,0.02433652931086024,0.0035989842612598366,0.0023738096333379933,0.0018077937501586683,0.013600492413841807,0.0021959292792931243,0.0029960587063806417,0.0027057407909615275,0.3699239674833208,0.022242457423055053,0.022714042325242684,0.019230969783029007,0.0008824021822023382,0.001708835256640505,0.004591200235253238,0.018632128180170692,0.01707225745267881,0.019233233741800797,0.019310189859292486,0.004689322945033137,0.0,0.0018778130222047093,0.007825659484233265,0.0,0.004954390036801274,0.04917979531144214,0.04894510946761177,0.004260159946729183,0.025086366965312207,0.026570899941086135,0.020237935604289607,0.00423754466718086,0.017985099782978558,0.01859210930507913,0.02142636312947581,0.004669083517927768,0.008282318400088366,0.0005794364382846815,0.0,0.004399199333673983,0.0,0.004640432695917997,0.004145439698394288,0.004430289006318446,0.004302046016632869,0.0002677704151613238,0.0,0.0009224926175558304,0.011805617412076244,0.013300939981875289,0.01188376534080647,0.0030216085830375877,0.008613569551209215,0.0052234649964150275,0.0037200073062610235,0.0022784506745314207,0.002408362757524972
0.00023986784306823718,0.0005021113558340152,0.00044336581705925823,5.160386655257192e-05,0.0005010187765570035,6.800565649499973e-05,0.0005029607527068311,0.16373001382453203,0.00054690353697415,0.0007550952428326326,0.0032543970337117075,0.0032840288881715576,5.530565114275956e-05,0.000626876722858101,0.0023860406309713913,0.00023974406877249233,0.0017517972096624825,0.0,0.0009590266175884764,0.0005434195118410238,0.003972541938708843,0.0041384576298454465,0.0,0.000622813337614126,0.0016161251378884927,0.0038229961676568857,0.0002690440946328483,0.0036746331516873555,0.0015616200687561487,0.0006857259971623901,0.0021943928448734653,0.003700802328992282,0.0018335948075306524,0.0018244311369506542,0.0009227909648369138,0.0037259888980579418,0.0013081404321074908,0.00351872148091257,0.0006815264032503726,0.0007531251344094748,0.004110036433509658,0.00020068114320139491,0.0032176810419398596,0.0017207844598729192,0.0033833633347807894,0.0029533331113672516,0.0001998101737662407,0.0001498576950345692,0.00018346099912577756,0.0014556628056593796,0.0001911525696679342,0.0019316347431289173,0.004108646641650475,0.0002881828967748503,0.003927800340242853,0.0026727356919881945,0.0003952549505767186,0.0002607013371531407,0.0001985391925892275,0.0014936608683502031,0.0002411658000563593,0.0003290392371710159,0.0002971553541138697,0.0002129533925771333,0.0024427562810116106,0.0024945476348147665,0.002112022576190066,9.69089625285231e-05,0.00018767117216310418,0.0005042241061197634,0.002046255378848061,0.0018749440914002389,0.0021122712132630546,0.00212072284411434,0.0005150003374086803,0.0,0.00020622899112763182,0.000859445451308556,0.0,0.0005441110732860455,0.005401123248700366,0.005375349103866576,0.0004678679279925284,0.002755085884024663,0.0029181232760702824,0.002222611619381791,0.00046538422688375446,0.0019751961136251607,0.0020418603447639404,0.002353129517942163,0.000512777561986641,0.0009095975731612763,6.363604399214311e-05,0.0,0.0004831377936061797,0.0,0.0005096310132897345,0.0004552688881540254,0.0004865521867050349,0.0004724680249331688,2.940762574311668e-05,0.0,0.00010131185564889948,0.0012965404647544685,0.0014607628134832961,0.0013051229851173466,0.0003318452275566886,0.0009459769090683803,0.0005736619693564655,0.0004085461889368007,0.0002502286321302668,0.0002644961004533876
0.004099453495057885,0.008581317638298195,0.0075773289369835,0.0008819341867232324,0.008562644948043086,0.0011622484391241386,0.008595834227660134,0.0,0.009346836939165694,0.012904930451437044,0.3601557471768434,0.36190402923680026,0.0009451994147007856,0.010713616046316002,0.30969132766454116,0.004097338134521019,0.2826389211892187,0.0,0.016390212914901645,0.00928729332203815,0.3815650566175173,0.39222401872413715,0.0,0.010644170894239318,0.027620333597960248,0.36626728806288594,0.004598089264318575,0.36095329466261017,0.026688816503818567,0.011719377636291642,0.29158070094003735,0.36522286071126425,0.03133699184560213,0.031180380434475862,0.015770928681475487,0.3604973656355234,0.022356731097565363,0.35443017129293847,0.011647604614446668,0.012871260378126484,0.3825223763942995,0.003429734487816004,0.34111969394849945,0.029409010303480084,0.3488597005923364,0.32907188993696596,0.0034148492132858297,0.0025611380158866003,0.0031354341809753422,0.27014713287530334,0.0032668867147464435,0.03301254014546002,0.07021869050734054,0.004925180333836932,0.06712794273185459,0.045678301575297016,0.0067550917532522795,0.004455507641575261,0.003393127551217199,0.2637501881498116,0.0041216361863404246,0.005623434277716725,0.005078523821347414,0.0036394729627698174,0.3321442713407973,0.33582288108233294,0.036095452482725957,0.001656219441748896,0.003207388005014013,0.008617425527677228,0.30933751402865256,0.03204367042372692,0.03609970180645701,0.3128138845404956,0.008801596354645202,0.0,0.0035245498006163593,0.2319025517220076,0.0,0.009299112430204455,0.09230771951713547,0.09186722734123784,0.007996081459276017,0.04708570482803963,0.04987209002289211,0.32238179272345113,0.007953633847037537,0.3066300375708478,0.03489634717056009,0.33087604760972916,0.008763608084287451,0.24010138863585295,0.0010875697201355823,0.0,0.008257050596106662,0.0,0.008709832097110902,0.007780757982649638,0.008315404169239106,0.008074699264979756,0.0005025900620604596,0.0,0.0017314669420382893,0.2812493948917076,0.2974500289054196,0.28185144674743506,0.005671389964258551,0.24598762702660348,0.009804151049088907,0.006982245225980947,0.004276524220289747,0.004520361919143803
0.004190381741435821,0.008771656220112374,0.007745398469495408,0.0009014959963927816,0.008752569358802002,0.0011880277808223563,0.008786494795811188,0.0,0.009554155181239525,0.01319116926277934,0.3649745990855341,0.3667487337994203,0.0009661644836690777,0.01095125023844245,0.3137616214215055,0.004188219460980408,0.28627792037787236,0.0,0.016753757304393962,0.00949329085229151,0.3867636933469039,0.3975776517520718,0.0,0.01088026475278096,0.0282329685507567,0.37125922952730744,0.004700077540072338,0.3658562862166656,0.027280789869419682,0.01197932020141489,0.2954036957940294,0.37018077105013586,0.03203206442508507,0.03187197928240075,0.016120736988969847,0.3654041247387918,0.022852616306629284,0.35922863560195256,0.011905955212489059,0.013156752367794802,0.3877567404052317,0.0035058079797814575,0.3457079111197092,0.03006131913875041,0.3535685088571985,0.3334712516776855,0.003490592541264422,0.002617945536400537,0.0032049799221462623,0.2735863956947757,0.003339348149043815,0.033744777354035894,0.07177618162133528,0.005034423678441469,0.06861687927496321,0.0466914726881713,0.006904923590102179,0.004554333374580975,0.0034683890801846043,0.26712090130230465,0.0042130564576238014,0.005748165298110244,0.005191168413076629,0.0037201985752553656,0.33648898299615926,0.34022011203355523,0.0368960704676425,0.0016929553456045733,0.003278529723562873,0.008808565003333865,0.3133432024181349,0.03275441754225247,0.03690041404382832,0.31687374490878345,0.008996820845621653,0.0,0.0036027263509853537,0.23478552297393523,0.0,0.0095053721151037,0.09435515805326182,0.09390489550647305,0.008173439164605178,0.04813009295798038,0.05097828178587978,0.3265724159203744,0.008130050039809367,0.31059121210317925,0.0356703683070457,0.335189886416204,0.008957989973485217,0.24308980241804312,0.0011116926447119646,0.0,0.008440196747627348,0.0,0.008903021203851913,0.007953339688895689,0.008499844636717074,0.008253800758649324,0.0005137377999346,0.0,0.001769871878913584,0.2847910559341816,0.30121162491386033,0.28540172213926907,0.005797184669478928,0.249051808181666,0.010021612782266945,0.0071371154580605525,0.004371379997629945,0.004620626157486024
0.0032467000996354765,0.006796263176263453,0.006001120550418078,0.0006984774471422121,0.006781474711072959,0.0009204817490074333,0.006807760077541783,0.0,0.00740254193839496,0.01022049378849654,0.3282611471049358,0.3298212027908007,0.0007485824726598352,0.008485008630287985,0.2832613667139047,0.003245024768698293,0.259545812305607,0.0,0.012980780479156632,0.007355384367783729,0.3465076494770836,0.35605462910452873,0.0,0.008430009205989505,0.02187485233155361,0.33259193465121484,0.00364161147103954,0.32799081776276057,0.021137106032929173,0.00928155535494777,0.2668221792123292,0.33191224638483313,0.024818384857895785,0.0246943511824996,0.012490317497983338,0.3274413206469636,0.017706165265564025,0.32227949477650186,0.00922471229587754,0.010193827641288393,0.3470691007666396,0.0027162936027301404,0.31058421805240366,0.023291455018967424,0.31740761810551277,0.29997875027614307,0.0027045047088303854,0.002028379407495099,0.00248321257456523,0.24860273946869893,0.0025873208307038795,0.026145391698844424,0.055612054080207605,0.0039006622467771803,0.0531642324077052,0.03617646753512008,0.005349922152982315,0.0035286891585105695,0.002687301507845793,0.2425409843691718,0.0032642684282148888,0.0044536679466584935,0.004022107780133989,0.002882403043500934,0.30407885285592134,0.3073869018344902,0.028587007832466996,0.0013116987015530043,0.002540198826014877,0.006824860033914323,0.2837515685872193,0.025378062730269234,0.02859037322734159,0.2868161250434862,0.006970720315775729,0.0,0.0027913857792573275,0.2143501681218376,0.0,0.007364744908086825,0.07310620367195446,0.072757341075245,0.006332765697140383,0.0372911078856974,0.03949787937381319,0.29549945932835847,0.0062991478827048464,0.28139636085986364,0.027637336043001455,0.30311167219925206,0.006940634227153386,0.22188072022766173,0.0008613374253376821,0.0,0.0065394489839666154,0.0,0.006898044525102964,0.006162233026417437,0.0065856640592032506,0.006395029713043763,0.0003980431066079096,0.0,0.0013712934907075633,0.25934822806728736,0.27407111453985605,0.25988937646929827,0.004491648065828316,0.2272862716400744,0.007764727231640115,0.005529823987075519,0.0033869372170819536,0.003580052685306865
0.0007580203763635927,0.0015867514130164524,0.001401106205880223,0.2198889679712146,0.0015832986894492838,0.00021490864582681104,0.0015894356416691056,0.0,0.0017283017999782104,0.002386220565628388,0.010284410085052246,0.010378051438485423,0.22339032304510384,0.0019810297341911445,0.007540266314869192,0.0007576292299846343,0.005535956646774402,0.0,0.003030676010207485,0.001717291728728596,0.012553861730618024,0.013078181593719535,0.0,0.001968188793227366,0.005107211411095218,0.012081273407788366,0.314614413440295,0.011612422778353762,0.004934966759669937,0.0021670027620311924,0.0069346289560262495,0.011695121523529715,0.005794450011823041,0.005765491361371732,0.0029161656082078873,0.011774715071035911,0.004133930959642911,0.011119717204115713,0.0021537313801025357,0.0023799947109690196,0.01298836611171252,0.275944009020992,0.01016838173566845,0.005437951445381619,0.010691964023188064,0.009333000405430782,0.0006314317967017929,0.00047357405201984177,0.0005797658153194008,0.004600125025889804,0.0006040723964876574,0.0061042717366955905,0.01298397414931068,0.0009107035986173372,0.01241247119291827,0.00844626811683527,0.0012490682475954252,0.0008238575174543,0.00062741529487384,0.004720204922442639,0.0007621221260273026,0.0010398161054368954,0.0009390579849412055,0.280848638903994,0.0077194967520935855,0.007883165633257782,0.006674325860497109,0.00030624767083922493,0.0005930706289596449,0.0015934280385544136,0.006466491100139579,0.005925120298095102,0.006675111593028965,0.006701820085158756,0.0016274826362567085,0.0,0.0006517162762295743,0.002715983752267943,0.0,0.0017194771724301295,0.017068404940804426,0.016986954560805796,0.0014785367572778786,0.008706507766980204,0.009221731749065211,0.007023804752997234,0.0014706878683848732,0.006241932567076602,0.006452602096311631,0.0074362619849604765,0.001620458313861369,0.0028744724008335503,0.00020109997822214117,0.0,0.001526791951185587,0.0,0.00161051472160254,0.0014387217958472837,0.0015375819741780027,0.0014930737922119912,9.293275517308715e-05,0.0,0.00032016151046651895,0.00409727322550786,0.004616241858395121,0.004124395349225653,0.0010486834794917626,0.002989436864362393,0.0018128626845298431,0.0012910706659903803,0.0007907621108277213,0.0008358495705293162
0.00034587268723225477,0.0007240095283749117,0.000639302561826037,7.44091736841743e-05,0.0007224341053181127,9.805940995695654e-05,0.0007252342993786844,0.0,0.0007885967271413804,0.0010887946354714924,0.004692613369814378,0.004735340435679511,7.974688868334121e-05,0.0009039124791587856,0.003440504047241753,0.00034569421333708,0.002525969303103141,0.0,0.0013828494437173246,0.0007835730060799612,0.005728128197213943,0.0059673670431274785,0.0,0.0008980533612561256,0.0023303396453441053,0.005512493633462747,0.0003879428055229568,0.005298564519985601,0.0022517471400401714,0.0009887690251006366,0.0031641613164616837,0.005336298647083818,0.0026439157298601395,0.002630702356496401,0.0013306001616523143,0.005372615921685826,0.0018862471965509304,0.005073750773165836,0.0009827135038058521,0.0010859538766363765,0.0059263856617748365,0.0002893682012063689,0.004639671472409174,0.0024812510825573107,0.004878573774271251,0.004258500207674771,0.0002881123240734419,0.0002160843363622242,0.000264537955393611,0.002098964162337615,0.0002756286632535027,0.002785282473929301,0.005924381678919609,0.00041553962234753444,0.005663613935132986,0.0038538983142752383,0.0005699300504358614,0.0003759131315511415,0.0002862796579290679,0.0021537547165210538,0.00034774425061337015,0.00047445161347790663,0.0004284772795642234,0.0003070639282186951,0.003522284055919091,0.0035969635731322343,0.003045389138360821,0.00013973595984308312,0.0002706087310486817,0.0007270559668196623,0.0029505574302608637,0.0027035385110723525,0.0030457476556655172,0.0030579343174399246,0.0007425945401709623,0.0,0.0002973678106832323,0.0012392603525811687,0.0,0.0007845701894135678,0.007788042733052662,0.007750878215205056,0.0006746328955754516,0.00397264154325255,0.0042077300827785226,0.0032048508196679086,0.0006710515719357963,0.0028480949296563027,0.002944220097879384,0.003393048519407679,0.0007393894531592957,0.0013115762117381017,9.175873372126487e-05,0.0,0.0006966509759730248,0.0,0.0007348523495634767,0.00065646595952538,0.0007015742925012531,0.000681265914282905,4.2403743706482086e-05,0.18573570960928762,0.00014608462440629337,0.001869520853290925,0.0021063180176456044,0.0018818962486051257,0.0004784976557594658,0.0013640326748844995,0.0008271805189319336,0.0005890950884394683,0.00036081222188972585,0.0003813849153604176
0.0003761334491662279,0.0007873538766997314,0.000695235809351321,8.091930985184583e-05,0.0007856406182375158,0.00010663872994847919,0.0007886858041952911,0.0,0.0008575918768101695,0.0011840544130579931,0.0051031750049884686,0.005149640306383642,8.672402710017482e-05,0.0009829967241734945,0.003741517332620203,0.0003759393604039279,0.0027469689904314437,0.0,0.0015038363829917671,0.0008521286251565002,0.006229288104028944,0.006489458205947342,0.0,0.0009766249859381503,0.002534223489996181,0.0059947874475237105,0.000421884325958899,0.005762141452914717,0.0024487548444805753,0.00107527745777189,0.0034409970882722436,0.005803176978125757,0.002875234673009471,0.0028608652478368875,0.001447015756775698,0.005842671688938807,0.0020512769299485347,0.005517658517046127,0.0010686921326069185,0.0011809651132712647,0.006444891320822309,0.00031468532675924015,0.005045601165794131,0.0026983383261570343,0.005305405279071204,0.0046310808297858426,0.0003133195716268622,0.00023498978019082856,0.00028768265685796975,0.0022826047248021173,0.00029974370230916736,0.0030289697408739866,0.006442712007418179,0.00045189561705360944,0.006159129421910657,0.004191079894987077,0.0006197938246276519,0.0004088021632718937,0.0003113265636111969,0.002342188961683207,0.0003781687575784224,0.0005159618796961913,0.00046596520338603906,0.00033392927137340596,0.003830452359501917,0.00391166566551988,0.0033118334085045376,0.00015196160462661385,0.00029428457100310945,0.0007906668512195356,0.0032087047754129944,0.002940073913499062,0.0033122232928619296,0.003325476178378016,0.0008075649105503154,0.0,0.0003233848304078037,0.0013476845325988537,0.0,0.0008532130530994001,0.00846942670980553,0.008429010629552189,0.000733657230827824,0.004320212092842239,0.004575868773741061,0.0034852465585275836,0.0007297625734498639,0.0030972777238264925,0.0032018129832156006,0.003689909871189611,0.0008040794071351047,0.0014263273816534571,9.978680098127798e-05,0.0,0.0007576016960304133,0.0,0.000799145347616338,0.0007139008506060257,0.0007629557586536237,0.0007408705792560662,4.61136914438396e-05,0.19125746258283816,0.00015886572047012985,0.0020330871814816386,0.0022906019765764557,0.002046545313031645,0.0005203619144344454,0.0014833733154396844,0.0008995514047631444,0.0006406356317832944,0.0003923800592834345,0.0004147526791502778
0.0004035949343218009,0.0008448385456253523,0.0007459949425803531,8.682722479857956e-05,0.0008430002022446537,0.00011442441852784059,0.0008462677170837362,0.0,0.0009202046187685543,0.0012705021691925785,0.005475757568321859,0.005525615299152223,9.305574417591526e-05,0.0010547652680472338,0.004014685334340944,0.000403386675148237,0.0029475250651989763,0.0,0.0016136314054750985,0.0009143424953726323,0.006684088130928378,0.0069632532395594,0.0,0.001047928329507707,0.0027192470259398784,0.00643246659269389,0.0004526860804435661,0.0061828351251320985,0.0026275383186980515,0.0011537834135973582,0.003692224121309118,0.006226866652078508,0.0030851554191347204,0.0030697368829167198,0.0015526623080533387,0.0062692448698413415,0.0022010405606137126,0.005920502501794793,0.0011467172941566762,0.0012671873197759988,0.006915432528280373,0.0003376604874332816,0.005413980265878267,0.002895343878449,0.005692752665054746,0.004969195819939821,0.0003361950185839314,0.00025214637281700006,0.0003086863538924484,0.002449257586718929,0.0003216279756958767,0.003250114676960036,0.006913094103308713,0.00048488849446744957,0.0066088071667801465,0.004497070437910431,0.0006650449421559043,0.00043864878968372307,0.00033405650114824915,0.002513192065888344,0.00040577884050394203,0.0005536322318850936,0.0004999853006258995,0.0003583094315244363,0.004110113503286827,0.004197256188897568,0.003553630207451777,0.00016305631412113304,0.0003157702734739485,0.0008483934002565848,0.003442972157784717,0.0031547285694750577,0.003554048557247478,0.003568269035301997,0.0008665251860918778,0.0,0.00034699514142764776,0.001446078915944438,0.0,0.0009155060973478403,0.009087779149300349,0.009044412292958404,0.0007872215102034488,0.004635630571362297,0.004909952734320715,0.003739704243273986,0.0007830425040763727,0.003323409822484802,0.003435577196168215,0.003959310014616614,0.0008627852062388266,0.001530463475651716,0.00010707223055406352,0.0,0.0008129141596666411,0.0,0.0008574909112702964,0.000766022717605427,0.0008186591221462065,0.0007949615048558517,4.948044985328385e-05,0.19677714420131792,0.00017046449913257162,0.002181522779480181,0.002457838717463281,0.0021959634885717534,0.0005583535129493961,0.001591674330338567,0.0009652276098529517,0.0006874084086563586,0.0004210277086675573,0.0004450337524421292
0.0003572444222104249,0.0007478137915684978,0.0006603217968576515,7.685562705940959e-05,0.0007461865711476923,0.00010128344487879313,0.0007490788310634751,0.0,0.0008145245130485754,0.001124592443443305,0.0048468989135026334,0.004891030776240573,8.236883750126457e-05,0.0009336316606261327,0.0035536222599854,0.00035706008038201504,0.00260901909147395,0.0,0.001428315298551082,0.0008093356201576831,0.0059164597948921345,0.006163564427416292,0.0,0.0009275799043959768,0.00240695744673234,0.005693735515180032,0.0004006977379994043,0.00547277275819075,0.0023257809468703546,0.001021278152658655,0.0032681938268252935,0.005511747522404392,0.0027308434061250053,0.0027171955983997034,0.00137434814453383,0.005549258850301586,0.0019482639559375708,0.005240567498705612,0.0010150235356102565,0.0011216582850487493,0.006121235644476347,0.0002988821600030604,0.004792216372072164,0.002562830608107392,0.005038973395520354,0.004398512812178696,0.0002975849916596737,0.00022318884011968598,0.22242218085719667,0.0021679747117793295,0.0002846908882472947,0.0028768580602709795,0.006119165773903554,0.00042920189356090684,0.005849824408137912,0.003980608262416721,0.0005886684294085256,0.25231812322444913,0.00029569207041431415,0.002224566690835218,0.00035917751957080643,0.0004900508157497326,0.270929313529302,0.0003171596939208132,0.0036380910631802596,0.003715225922226959,0.0031455166114607172,0.00014433025237011552,0.00027950590878448266,0.0007509603919858462,0.0030475669900595723,0.0027924264880248278,0.00314588691623498,0.003158474255753199,0.0007670098485164566,0.0,0.0003071447837110493,0.00128000523015817,0.0,0.0008103655892677132,0.008044100991562872,0.008005714564431433,0.0006968137348820483,0.004103255576857352,0.004346073447627392,0.0033102211351370855,0.0006931146631090348,0.0029417356880286826,0.0030410212964313934,0.003504606471090828,0.0007636993834237095,0.0013546987178917678,9.477561259123474e-05,0.0,0.0007195557341788355,0.0,0.0007590131071942463,0.000678049499334928,0.0007246409213977525,0.0007036648365247287,0.16150415050380973,0.0,0.00015088765076384542,0.0019309876775432569,0.0021755703499650005,0.0019437699558550409,0.0004942298853625463,0.0014088798647695308,0.000854376877556466,0.000608463582888343,0.0003726751446230825,0.0003939242350067769
0.0002767512505454188,0.0005793187776345174,0.0005115401995978883,5.9538762756708616e-05,0.0005780581973192687,7.846258272226711e-05,0.0005802987824728245,0.0,0.000630998452519753,0.0008712028676364894,0.00375481113820996,0.003788999350655807,6.38097542388505e-05,0.0007232687582029888,0.0027529314476958063,0.22360904395167727,0.002021163246705599,0.0,0.0011064918595547217,0.0006269787043943235,0.004583381979505427,0.004774809785833347,0.0,0.0007185805643486837,0.0018646294860845132,0.00441084122279952,0.0003104138040725991,0.004239665088145337,0.001801743415778084,0.2779144622654791,0.002531814837030433,0.004269858183027265,0.0021155384960598327,0.0021049657687606618,0.001064684412232691,0.004298917578387264,0.0015092873469153716,0.0040597795757331,0.2734099732874659,0.2867766193915685,0.004742018389007017,0.00023153898676643673,0.003712449492280696,0.0019853818048193995,0.0039036080116988856,0.003407453960452565,0.00023053409224917885,0.0001729006438469235,0.0002116709780056973,0.001679493577319917,0.00022054524701554793,0.002228653594912385,0.0047404148950575715,0.23679371229568114,0.004531760665166345,0.0030837103284606765,0.00045603153993950025,0.0003007882180166583,0.00022906767797013753,0.0017233344324903085,0.0002782487885856251,0.22372089992696537,0.0003428476064375381,0.00024569828514631436,0.002818368010068453,0.0028781230891533386,0.0024367788598260694,0.00011181022110245213,0.00021652853055708832,0.0005817563961005521,0.002360898934128445,0.0021632458747300534,0.0024370657287118742,0.0024468169291117377,0.0005941896403705061,0.0,0.0002379399025031288,0.0009915985418585296,0.0,0.0006277766041556697,0.006231629860458335,0.006201892540427234,0.2666988907092047,0.0031787231419217322,0.003366830065955951,0.0025643726865284865,0.2674895559095871,0.002278913202895261,0.0023558280952723,0.0027149597397287248,0.0005916250786941167,0.0010494623316133662,7.34210744104571e-05,0.0,0.0005574277354394158,0.0,0.000587994699250036,0.0005252735528005132,0.26643230985514516,0.2624727860173385,3.392950508027844e-05,0.0,0.1878052068495918,0.001495903704363829,0.0016853777905808777,0.001505805920571202,0.00038287158686675855,0.001091435555608375,0.0006618714096019334,0.00047136651269115627,0.0002887051718917591,0.00030516648513005554
1.2621437592704529e-05,2.642024483642203e-05,2.3329154584343193e-05,2.715307616495531e-06,2.636275517468373e-05,3.5783418836945337e-06,2.6464938654003207e-05,0.0,2.8777133161550704e-05,3.973182633425754e-05,0.0001712408321910413,0.00017280000993257264,2.910089220353107e-06,3.2985186070238844e-05,0.00012554939641865886,1.2614924799954394e-05,9.217658721573236e-05,0.0,5.0462348136394664e-05,2.8593809689647644e-05,0.000209028394646262,0.00021775859588768216,0.0,3.277137765550541e-05,8.503775374366409e-05,0.00020115955073437425,1.4156642285427883e-05,0.00019335294138160598,8.216978978592667e-05,3.608173470930021e-05,0.00011546521614224369,0.00019472991894550805,9.648063757746651e-05,9.59984608301955e-05,4.855568976991803e-05,0.00019605519333648231,6.883212278538446e-05,0.0001851491346625101,3.586075922631247e-05,3.962816258260297e-05,0.00021626312091582386,1.0559500150374289e-05,0.0001693088992029635,9.054474911254904e-05,0.00017802681942336208,0.0001553993610764476,1.0513671221284264e-05,7.885256820887388e-06,9.653405481711444e-06,7.659449896510073e-05,1.0058122830839806e-05,0.00010163933210241066,0.00021618999243393499,1.51636934755521e-05,0.00020667416789534363,0.00014063480250925685,2.079764268565334e-05,1.3717660588113652e-05,1.0446794355248447e-05,7.859389234255933e-05,1.2689733880001931e-05,1.7313484560427954e-05,1.5635808907571146e-05,1.1205245022370012e-05,0.00012853367738085793,0.00013125885025733327,0.0001111310328170279,5.099184647187335e-06,9.874937620264879e-06,2.6531414160077273e-05,0.0001076704748435981,9.865636650881204e-05,0.00011114411567657177,0.0001115888261053712,2.709844110690699e-05,0.0,1.0851418464555711e-05,4.522255667650647e-05,0.0,2.863019847569004e-05,0.0002841979114081763,0.00028284171978047045,2.4618413953494313e-05,0.00014496792943548617,0.0001535466794782574,0.00011695004002210871,2.4487725828973986e-05,0.00010393145726657698,0.00010743921563143782,0.00012381766967324974,2.6981482447867878e-05,4.786147595809501e-05,3.348420311867096e-06,0.0,2.5421888289305376e-05,0.0,2.681591641157717e-05,2.39554739236195e-05,2.5601547842094617e-05,2.4860463224101068e-05,1.5473792081449176e-06,0.0,5.330857388457493e-06,6.822175224904736e-05,7.686285269542363e-05,6.867334986114313e-05,1.7461130998089137e-05,4.9775694687634874e-05,3.0185116324579028e-05,2.1497005023454554e-05,1.3166604676732475e-05,1.3917334573423666e-05
0.000378746168362795,0.000792823038223932,0.0007000650952052103,8.148139608664237e-05,0.0007910978790299876,0.00010737946985728425,0.0007941642176287384,0.0,0.0008635489294581822,0.0011922791580298488,0.005138622964558484,0.005185411025828373,8.732643438649967e-05,0.0009898248709844302,0.0037675068695276356,0.0003785507314102816,0.0027660501400329583,0.0,0.0015142824153641823,0.0008580477286603917,0.006272558333375519,0.006534535643403599,0.0,0.000983408873024672,0.0025518268549066447,0.006036428775297681,0.00042481484245406037,0.005802166762072243,0.0024657645223064724,0.0010827466101745388,0.0034648991346544226,0.005843487330543057,0.0028952067888674445,0.0028807375499902434,0.0014570670985370952,0.005883256381724755,0.0020655256244590386,0.005555985585163958,0.0010761155416556794,0.0011891683991762,0.006489659185289102,0.00031687121157199585,0.0050806492027430225,0.0027170816747191236,0.005342257981879008,0.004663249502398331,0.0003154959695549494,0.0002366220793417353,0.0002896809742151693,0.002298460281376213,0.0003018257987746884,0.003050009739856648,0.006487464733816349,0.0004550345996570917,0.006201912311096496,0.004220192208503071,0.0006240990711488213,0.0004116418077170931,0.0003134891175955641,0.002358458405615254,0.00038079561454808914,0.0005195458829555858,0.00046920191693682175,0.0003362488295502896,0.003857059661865987,0.003938837096291352,0.003334838250911967,0.00015301716882179297,0.0002963287469454982,0.0007961590255125947,0.003230993259942678,0.0029604964193148896,0.0033352308435058834,0.003348575786956392,0.0008131744630879743,0.0,0.0003256311441992465,0.0013570458942566452,0.0,0.000859139689317306,0.008528257515195693,0.008487560694505772,0.0007387534017079551,0.004350221391651561,0.004607653929282602,0.0035094559730543162,0.0007348316910431414,0.003118792207539864,0.0032240535955929584,0.0037155409294627566,0.0008096647484740448,0.0014362350166667642,0.00010047994563795695,0.0,0.0007628641912936186,0.0,0.0008046964157151545,0.0007188597886131573,0.0007682554446060016,0.0007460168559003927,4.643400894585108e-05,0.0,0.0001599692424208334,0.0020472095253442394,0.002306513084108004,0.0020607611405201467,0.0005239764814611721,0.0014936772061080515,0.0009057999190304435,0.0006450856508307239,0.0003951056315916472,0.0004176336574016022
0.0006183830994636615,0.0012944510298873617,0.0011430041002676102,0.00013303558549117663,0.001291634343202369,0.00017531965980315117,0.0012966407884817943,0.0,0.0014099259824732098,0.001946647498390502,0.008389887109709358,0.00846627849994055,0.00014257884480908296,0.001616098122633042,0.006151250546771189,0.0006180640073683742,0.004516160958827275,0.0,0.002472385813232185,0.001400944110485396,0.010241276051785398,0.01066900933200471,0.0,0.001605622651101123,0.00416639620845017,0.009855744684879812,0.0006935999382131688,0.00947326247931417,0.0040258812767469156,0.001767812484091326,0.005657179518088652,0.009540727032983538,0.004727036461985115,0.0047034123740572,0.002378969726386288,0.00960565840704541,0.003372406757792206,0.00907131972207329,0.001756985864455348,0.0019415685276647542,0.010595739037596849,0.0005173591664035031,0.00829523270125955,0.004436209598559669,0.008722364276975068,0.007613739548391233,0.0005151137934016057,0.00038633551187432235,0.0004729653621716378,0.003752721773887553,0.0004927943528806974,0.004979784969125466,0.010592156132166516,0.0007429400733359333,0.010125931502134842,0.006890354955952284,0.0010189735242937743,0.0006720921772628705,0.0005118371837921309,0.003850681381477311,0.0006217292531415309,0.0008482683661314624,0.0007660712104993665,0.0005489972197135553,0.006297464391075404,0.006430983321668794,0.0054448276604967824,0.0002498328406494574,0.0004838192549602587,0.0012998977335946283,0.005275278783852167,0.00483363557086443,0.005445468650809909,0.005467257089036928,0.0013276790285766402,0.17982933820960764,0.0005316616062474443,0.0022156639889780445,0.0,0.0014027269668465147,0.01392418130081082,0.013857735147110216,0.0012061709304208613,0.007102655055630309,0.007522968035194482,0.005729927965818517,0.0011997679096151588,0.005092086872372614,0.005263948316356305,0.006066405175997479,0.0013219486783249757,0.0023449569536341773,0.00016405472954652254,0.0,0.0012455368858810816,0.0,0.0013138368259361052,0.001173690406120723,0.00125433924538142,0.001218030053209477,7.581332504717008e-05,0.0,0.00026118356886529,0.003342501858187141,0.003765869674852943,0.003364627731648623,0.0008555022537987802,0.0024387434579313163,0.0014789096450671898,0.0010532385473484888,0.0006450933778032406,0.0006818751371682969
0.0005217381483816327,0.0010921457654484562,0.000964367951490693,0.00011224391498285378,0.0010897692889618351,0.00014791955789207175,0.001093993294262638,0.0,0.0011895735379714302,0.0016424127086314077,0.007078660735630144,0.007143113180281505,0.00012029569138225521,0.0013635237490107767,0.0051898929212125045,0.0005214689260838324,0.0038103458171731977,0.0,0.002085985204640248,0.0011819954116222668,0.008640702517513844,0.00900158684604155,0.0,0.0013546854526129155,0.003515244587224983,0.008315424511554722,0.0005851996081309765,0.007992719124079182,0.0033966902471234957,0.0014915271988120405,0.00477303854097894,0.008049639876511422,0.0039882643189111016,0.0039683323577960495,0.0020071687941945093,0.00810442335119613,0.002845344995563881,0.007653594607092629,0.0014823926340301011,0.0016381275126348895,0.008939767711966098,0.00043650289563499045,0.006998799536571505,0.003742889777862302,0.007359176198906596,0.006423814586270208,0.00043460844419630784,0.00032595647389814216,0.00039904724518199626,0.00316622189609919,0.00041577723166738757,0.0042015116379856415,0.008936744766405862,0.0006268285445656529,0.008543384767703423,0.005813485264278321,0.0008597216843022425,0.0005670532205861424,0.0004318439245448173,0.0032488717361811707,0.0005245613433001326,0.0007156954435850476,0.0006463445964824637,0.00046319634726182615,0.005313255510618982,0.005425907230373469,0.0045938744191239365,0.0002107873319927803,0.0004082048206900906,0.0010967412227135035,0.004450823748694114,0.004078203422573644,0.00459441523128292,0.004612798430025822,0.0011201806754025086,0.16962794764387523,0.00044857005673300514,0.0018693855444107225,0.0,0.0011834996315427133,0.011748019271412983,0.011691957756748528,0.001017662656717726,0.005992605717284422,0.006347229438225012,0.00483441738598479,0.0010122603418386256,0.004296262266052156,0.0044412640806878005,0.005118307739333147,0.001115345901728269,0.001978471759795603,0.00013841518453704439,0.0,0.0010508762434553042,0.0,0.0011085018226307233,0.0009902584009715434,0.001058302912701406,0.0010276683583135954,6.396472327117624e-05,0.0,0.0002203640942413736,0.0028201138290571983,0.0031773149571979425,0.0028387817264514392,0.0007217987720240375,0.0020576006964331257,0.001247775983060215,0.0008886315456783479,0.0005442739699067305,0.0005753072355991267
0.0022417966865181005,0.00469271561945712,0.004143681816141072,0.0004822879781187175,0.004682504410769733,0.0006355785479407025,0.0047006540536826515,0.0,0.005111341817856322,0.007057094405548222,0.2918913491653781,0.2932345513973602,0.0005168847307402253,0.005858768487607698,0.25318903413463545,0.0022406398961683483,0.2333409890111954,0.0,0.008963030083948748,0.005078780237699175,0.30644719410952675,0.3147150146732569,0.0,0.005820792227599395,0.015104250460476934,0.29410926466390336,0.0025144769393019486,0.290337127704249,0.01459484794192188,0.006408771799647399,0.23866029517711712,0.29386355960837635,0.017136714581494142,0.01705107122855525,0.008624372908259025,0.2896720449759852,0.012225835896496855,0.2855670476170594,0.006369522538069622,0.007038681839367519,0.30653658722897636,0.001875559125061914,0.2757425676053216,0.01608239291690938,0.2815054092926713,0.2668067261435036,0.0018674190744039706,0.0014005649105793918,0.001714620245400994,0.22419329831768184,0.0017865054015560103,0.01805299247835302,0.0383992714884483,0.00269334753186262,0.0367090881188112,0.024979296689357715,0.0036940392976339575,0.002436505812221309,0.0018555405276391814,0.21849841384557067,0.002253927348294165,0.0030751894968038046,0.00277720381236795,0.0019902551494841102,0.2721650091089858,0.2750475307425786,0.01973889101844878,0.0009057078610931051,0.0017539683791233706,0.0047124613116243,0.2546956082589493,0.0175231635793382,0.019741214772059274,0.2572836695623156,0.0048131756019919895,0.0,0.0019274091227075181,0.19453302316789894,0.0,0.0050852435473956415,0.0504787138097866,0.05023782953056381,0.0043726777098811,0.025748938777601163,0.02727268068727615,0.26495584082829127,0.004349465123964084,0.25274956257535397,0.019083157194698767,0.27155363612234457,0.00479240161865074,0.20130535682871972,0.0005947402984072488,0.0,0.004515389353502802,0.0,0.004762994081765164,0.004254927512931066,0.0045473001550407404,0.0044156700591150766,0.00027484266797083275,0.0,0.0009468571501436811,0.23457352420071423,0.24760846007618864,0.23504472016614117,0.0031014141873189614,0.20616546839042602,0.005361425214962739,0.0038182587583762534,0.002338628267991752,0.0024719715406982773
0.0006445175715613412,0.0013491578845083007,0.0011913104152233157,0.0001386580140472499,0.0013462221573455834,0.00018272912290341077,0.0013514401879748947,0.0,0.0014695131078016651,0.0020289178656997453,0.008744465478299246,0.008824085366622042,0.00014860459623180808,0.001684398616824583,0.006411218333600841,0.0006441849938072961,0.004707025622931886,0.0,0.0025768752439858027,0.0014601516386303997,0.010674098914266864,0.011119909311223093,0.0,0.0016734804247223606,0.004342478907916016,0.010272273992831872,0.0007229132688134166,0.009873627098195835,0.004196025451105769,0.0018425248203105486,0.005896266583041242,0.009943942878713067,0.004926813271260162,0.004902190768163203,0.002479511151256067,0.01001161842088878,0.00351493340573907,0.009454697198545843,0.0018312406396755168,0.0020236242445108277,0.011043542424320296,0.0005392241053233702,0.00864581072928595,0.004623695311014574,0.009090993992146959,0.007935515909936384,0.0005368838370403473,0.0004026630516537558,0.0004929541038943083,0.003911321519862311,0.0005136211191303328,0.0051902435852178705,0.01103980809602268,0.0007743386458934407,0.010553879605074727,0.007181559210233537,0.0010620379857288085,0.0007004965341558383,0.0005334687494186369,0.004013421154295421,0.0006480051423639746,0.0008841183852623779,0.0007984473648493093,0.0005721992647447855,0.006563611553825217,0.006702773340391115,0.005674940185715123,0.000260391423846023,0.0005042667103160824,0.0013548347800273824,0.005498225734219408,0.005037917534693443,0.005675608265939773,0.00569831754002306,0.0013837901845204315,0.18233352105834671,0.0005541310033346747,0.0023093036902376734,0.0,0.001462009843120962,0.014512653282022288,0.014443398941695322,0.001257146839292654,0.007402831662222261,0.007840908157390657,0.005972089568673252,0.0012504732102366087,0.005307291657885682,0.005486416411808396,0.006322787177612393,0.0013778176548190186,0.002444060910595753,0.00017098810750517735,0.0,0.0012981765020331443,0.0,0.0013693629745292859,0.0012232936038741554,0.001307350872054072,0.001269507159338909,7.901739260625449e-05,0.0,0.00027222186324753076,0.003483764647589049,0.003925025085190488,0.0035068256177941473,0.0008916579957664991,0.002541811075578021,0.001541412198722877,0.0010977511374431303,0.000672356695473499,0.0007106929472958416
0.0003368190372035374,0.0007050576737493934,0.0006225680179580249,7.246142053010642e-05,0.000703523489360838,9.549258229884593e-05,0.0007062503848408257,0.0,0.0007679542218355604,0.0010602940745813394,0.004569778347742081,0.004611386979237061,7.765941416549e-05,0.29569432728492057,0.003350444552184847,0.0003366452350857125,0.0024598488984057263,0.0,0.0013466516305681874,0.0007630620029540211,0.005578187279842867,0.005811163749847201,0.0,0.29269945144715626,0.0022693400915319143,0.005368197220403132,0.0003777879175482232,0.005159867968944218,0.0021928048433175655,0.0009628867596227442,0.003081335437890898,0.005196614358087119,0.0025747079299753774,0.0025618404331799556,0.0012957700387878706,0.005231980982619374,0.0018368723178292866,0.004940939003029356,0.0009569897491689951,0.0010575276761604986,0.005771255107389987,0.0002817936267462506,0.0045182222706940675,0.00241630123319333,0.004750871006108263,0.004147028640387881,0.00028057062376748586,0.000210428058690326,0.00025761334366259585,0.002044021151079071,0.0002684137383776778,0.0027123742227694084,0.005769303581291549,0.00040466235318845306,0.0055153617592332786,0.0037530177074169063,0.0005550114187890941,0.0003660731353331753,0.000278785929950801,0.0020973774940027945,0.0003386416100731592,0.000462032249294042,0.0004172613510516999,0.0002990261459792769,0.0034300838668865057,0.0035028085543657027,0.0029656722700512356,0.18723800937336335,0.0002635252091746781,0.0007080243678589274,0.002873322900477727,0.0026327700103437237,0.0029660214027172308,0.002977889063382859,0.0007231561996250678,0.0,0.0002895838364432427,0.0012068211634202143,0.0,0.0007640330837671048,0.007584180977219924,0.007547989287093326,0.0006569735360484618,0.0038686526839125223,0.004097587486988061,0.00312095984247711,0.0006534859580327602,0.002773542483934108,0.0028671514556948214,0.003304231232124899,0.0007200350097732129,0.001277244064548076,8.935683414128225e-05,0.0,0.000678415265662691,0.0,0.0007156166705366999,0.0006392821422634002,0.0006832097082252298,0.0006634329271980653,4.129377269808004e-05,0.0,0.00014226067671462995,0.0018205838075168565,0.002051182510029939,0.0018326352613859014,0.00046597238136016403,0.0013283274141859388,0.0008055280346351507,0.0005736747879611429,0.00035136751086263073,0.0003714016883599387
0.0021931914155850743,0.004590971016359497,0.004053841029710701,0.0004718313037979918,0.004580981200882199,0.0006217983208096423,0.004598737334287131,0.0,0.005000520816388041,0.006904086781063611,0.28921428131241766,0.2905432515585044,0.0005056779506919444,0.005731742236125302,0.25092393948005803,0.002192059706059422,0.23131182709919915,0.0,0.008768699122434205,0.0049686652165881065,0.30356407893145093,0.31174644786391087,0.0,0.005694589354266245,0.01477676929758342,0.2913408706058748,0.00245995958113802,0.287617204445559,0.014278411334307285,0.006269820711199848,0.23653232156840814,0.2911130099187423,0.016765166768909434,0.01668138028300859,0.008437384505450542,0.28695055084687443,0.011960762765777356,0.28290428078636987,0.006231422428216329,0.006886073424933117,0.3036348368229061,0.0018348943939679747,0.2731949001605005,0.015733704264776577,0.2788916497674843,0.2643625120944831,0.0018269308309326676,0.0013701987148635201,0.0016774448931149639,0.2222733731800595,0.0017477714790784943,0.017661578486246044,0.03756672186182462,0.0026349520104086616,0.03591318401901059,0.024437710786138097,0.0036139473865438344,0.0023836789765652863,0.001815309827587076,0.21661747254808938,0.002205059067737755,0.003008515110334488,0.0027169901700924625,0.001947103649016522,0.2697460883575088,0.2725996080002697,0.019310924400584205,0.0008860708546511982,0.0017159399045574343,0.004610288594450441,0.25246323641857,0.017143237014855525,0.01931319777198363,0.25502160823506315,0.00470881925889006,0.0,0.0018856202115313263,0.1929197814996665,0.0,0.004974988392738649,0.04938426506881442,0.049148603495881384,0.00427787197389722,0.025190665963188592,0.026681371028444496,0.2626212806965644,0.004255162669136047,0.2505414814272977,0.01866940779838465,0.269151130755594,0.004688495684408245,0.19963331228617412,0.0005818455013399142,0.0,0.004417489430545926,0.0,0.004659725743833876,0.004162674765030176,0.004448708361512473,0.004319932189189195,0.00026888369657034126,0.0,0.0009263279698686016,0.2325942707188979,0.24550719163473142,0.23306071064031503,0.003034171213075699,0.20445117378223773,0.0052451820575312,0.0037354735965641327,0.0022879235536610687,0.00241837575870924
0.0005125118542972052,0.00107283251790015,0.0009473142965995394,0.00011025902012317837,0.0010704980664619525,0.00014530378339640946,0.001074647375451511,0.0,0.001168537400724381,0.0016133686705352126,0.006953483372477002,0.0070167960553328005,0.00011816841081205936,0.001339411517351089,0.005098116081611408,0.0005122473928628788,0.0037429645624544156,0.0,0.002049097135378927,0.001161093284170214,0.008487902376734564,0.00884240491210456,0.0,0.0013307295152974784,0.003453081832898832,0.008168376510141682,0.0005748510765937371,0.007851377768455247,0.0033366239797231216,0.0014651513844042806,0.004688633255699386,0.007907291947756741,0.003917736795465019,0.0038981573064386893,0.0019716744957044203,0.007961106644425162,0.0027950285872618296,0.007518250249262822,0.0014561783531066635,0.0016091592529317378,0.00878167897298292,0.0004287838816117209,0.006875034419984453,0.003676701399797039,0.007229038266610784,0.006310217367625941,0.00042692293120445815,0.000320192336665249,0.000391990588027349,0.0031102311765388536,0.00040842472538646574,0.004127213099357706,0.008778709484477393,0.0006157438567569972,0.008392305571007242,0.0057106809650909,0.0008445185692631449,0.0005570255854766955,0.0004242072986649909,0.0031914194563860848,0.0005152851245041299,0.0007030392545410172,0.0006349147914250311,0.0004550052925499437,0.005219297156148001,0.005329956769519631,0.00451263742982339,0.00020705981864097784,0.00040098622313488013,0.0010773467101852232,0.004372116433634286,0.004006085437278728,0.004513168678387996,0.004531226792989857,0.0011003716651336324,0.1692318437529234,0.0004406376498853851,0.0018363277723397898,0.0,0.001162570903821164,0.011540270075683685,0.011485199939592407,0.000999666550857455,0.005886633894347594,0.006234986533235122,0.004748926691719248,0.0009943597692376458,0.004220288179715209,0.004362725816537222,0.005027796795166676,0.0010956223884541756,0.0019434849328782496,0.00013596748313309236,0.0,0.0010322927963783907,0.0,0.0010888993384335472,0.0009727469054919083,0.001039588134161105,0.0010094953139915103,6.283358622520887e-05,0.0,0.00021646722768977887,0.0027702436027393596,0.0031211280705673804,0.002788581381448908,0.0007090346531626328,0.0020212145721052403,0.0012257106075324545,0.0008729171954845591,0.0005346491576816043,0.0005651336384393234
0.0022116209241174567,0.00462954919923796,0.00408790567966103,0.00047579612828955146,0.004619475438789756,0.0006270233264235391,0.004637380777963853,0.0,0.005042540468843864,0.006962102203400093,0.28865415646008474,0.2899820996272294,0.000509927190425736,0.0057799063825356165,0.2503918680451163,0.0022104797047741895,0.23077415708589866,0.0,0.008842382985204419,0.0050104171846803375,0.3030348261274713,0.3112091299300415,0.0,0.005742441302959407,0.01490093930568927,0.2908340256777309,0.0024806307572915174,0.28710635194993145,0.014398393612937665,0.006322506360738895,0.2360249921299038,0.2905939994290252,0.016906045390729135,0.016821554842362144,0.00850828431320522,0.28644719198278407,0.012061269715548953,0.2823917142162112,0.006283785414863831,0.006943937480043674,0.30311985255668517,0.0018503131128492134,0.2726809271095617,0.015865915450235888,0.2783773484142565,0.26384826086591723,0.0018422826315541204,0.0013817125703013955,0.0016915405551491036,0.22173271870555655,0.001762458099296611,0.017809989705209712,0.037882397099364896,0.002657093657605147,0.03621496448678012,0.02464306221886968,0.0036443155859278895,0.0024037091625877644,0.0018305639762759213,0.2160984831211615,0.002223588300806288,0.0030337958288808534,0.002739821188473391,0.00196346526846204,0.2691612210011042,0.2720112883302836,0.019473195164312233,0.0008935165569551778,0.001730359042297703,0.0046490291040039615,0.25189055114112113,0.017287292581821913,0.019475487638977038,0.2544487819123173,0.004748387727055896,0.0,0.001901465182257686,0.1924079537919761,0.0,0.0050167934948291215,0.0497992437742679,0.04956160192412867,0.004313819168238373,0.025402344519837115,0.026905576062045362,0.2620354614302773,0.004290919035935705,0.24996730850315602,0.018826287862691787,0.26855867610138345,0.004727893372455821,0.19910580651408896,0.0005867347812063559,0.0,0.0044546098380823735,0.0,0.004698881676482663,0.0041976539508661705,0.004486091103449162,0.004356232817841227,0.00027114314111537644,0.0,0.0009341119549340019,0.2320046202479551,0.24489452628995914,0.23247050814165918,0.0030596675212696514,0.20391245782467174,0.005289257611901991,0.0037668629873994068,0.0023071491015790495,0.002438697503707384
0.005463450985262574,0.011436550838381783,0.010098508324665495,0.0011753772075225734,0.01141166524616937,0.0015489594863090414,0.011455897484110961,0.0,0.012456778823308095,0.01719874492408486,0.39775701585308826,0.39975166615351776,0.0012596924638228393,0.01427832178472941,0.34012101612660706,0.005460631787868761,0.3084454202965101,0.0,0.02184367379860186,0.012377423457024824,0.42382286825034965,0.4359158503140349,0.0,0.014185770378793839,0.036810355085373676,0.40687575816556065,0.006127996171136433,0.40054389187510187,0.0355688974150006,0.01561872707443842,0.3199903800276097,0.40520193798875176,0.04176364463712566,0.04155492443345637,0.02101833718742952,0.40029637309731336,0.02979541167853136,0.39289224401724654,0.015523073254389732,0.01715387191956749,0.4254747289598556,0.0045708986061769675,0.3773579110136664,0.039194172226090035,0.38634783390838034,0.36333475431674456,0.004551060603893047,0.003413296926811826,0.004178676739698887,0.2938037509376351,0.004353867036652564,0.043996692535034354,0.09358232122859107,0.006563919161404535,0.08946319925305611,0.06087669052656337,0.009002690904857828,0.00593797384055105,0.004522111565643564,0.28718105478432815,0.00549301444943883,0.0074945008114348545,0.006768284116131488,0.004850422664448471,0.3642435550427029,0.3683918323496283,0.048105372013120734,0.0022072878133006526,0.004274571519652217,0.011484672785378241,0.33817696472232067,0.042705454021858096,0.04811103520016581,0.3422149683376591,0.011730122157414744,0.0,0.004697261501807222,0.2504096840053099,0.0,0.012393175097635933,0.12302095919644389,0.1224339035278505,0.010656590977208906,0.06275237437006306,0.06646586421852463,0.3528530107533989,0.010600019912508214,0.3349717952317784,0.04650729238931623,0.3624821974929664,0.01167949417654737,0.2593540544942077,0.0014494331661963607,0.0,0.011004391504635157,0.0,0.011607825484494304,0.010369623638283653,0.0110821608675535,0.010761367023223108,0.0006698151773297828,0.0,0.002307572163419577,0.30486783235370757,0.3228421500441573,0.3055472414425602,0.007558412633633047,0.26577726098550847,0.013066253531936108,0.0093054243950368,0.00569943786239033,0.006024406865613412
0.005274927365774013,0.011041917489545569,0.009750045906692541,0.0011348192587051983,0.011017890607684846,0.0014955105856805145,0.011060596553614795,0.0,0.012026941155271316,0.016605279429016788,0.39217474047799605,0.3941337682203997,0.0012162251053047628,0.01378562936187422,0.3355750195302042,0.005272205448523861,0.3045589234254481,0.0,0.021089928874642963,0.011950324051108073,0.4175854359344194,0.4294703193755273,0.0,0.013696271564901705,0.03554016498133993,0.40088240714641615,0.005916541538979763,0.3946947399860945,0.03434154545376196,0.015079782190001863,0.31574234436485543,0.3992942572958852,0.0403225347102199,0.04012101667389177,0.02029307159744001,0.3944201030726398,0.0287672814969043,0.3872039512615567,0.014987429031828271,0.016561954827011265,0.4191430629312437,0.004413173689841822,0.3719873161328067,0.037841725351238927,0.3807982736803865,0.358246706670687,0.004394020224127203,0.0032955165911288434,0.004034485958859871,0.29022379800321896,0.004203631082356319,0.04247852832991859,0.09035313916660408,0.006337422428538022,0.0863761529558151,0.05877605961187033,0.00869204111974971,0.005733076180835834,0.004366070110822087,0.2836412178000781,0.0053034707034247145,0.007235893125003171,0.00653473549956259,0.0046830523998999665,0.3594396191997943,0.3635194479899698,0.04644543237547769,0.002131122420961833,0.004127071762297143,0.011088378924962611,0.33384386270675565,0.04123184571351594,0.046450900146745716,0.33780145297819725,0.011325358741009256,0.0,0.0045351762662310825,0.2475769530626815,0.0,0.01196553216047695,0.11877595790271411,0.11820915936826248,0.010288871177424514,0.06058702049763751,0.06417237145566985,0.34828168684858146,0.01023425217231115,0.3307093701461454,0.04490249660776765,0.35774608628444976,0.011276477745742424,0.2564089927564667,0.0013994185531916515,0.0,0.010624670386550798,0.0,0.01120728207692436,0.01001180602697961,0.010699756214497888,0.010390031787062779,0.0006467023166197287,0.0,0.0022279463266266066,0.30127567143129147,0.3189878971400485,0.3019438125979231,0.0072975995850444704,0.2627513228971697,0.012615385131058995,0.008984328389497146,0.005502771202843766,0.005816526719778702
0.005710080362657921,0.011952816001266702,0.010554371995347677,0.001228435713891153,0.011926807031516898,0.0016188821258182997,0.011973035987161967,0.0,0.013019098795397378,0.017975125230973363,0.40743682247645147,0.40948776778948415,0.0013165571028395117,0.014922869273398608,0.3481670940078523,0.0057071339019464954,0.3155021848548663,0.0,0.022829734016494956,0.012936161194253355,0.4344310688738455,0.44685735229572066,0.0,0.014826139941151536,0.03847203649898867,0.41706519352858606,0.006404624237251645,0.41052299763425226,0.037174537338880875,0.01632378271499733,0.32753086761404615,0.41528744626985575,0.04364892588196505,0.04343078369683759,0.021967140320907623,0.4103005459093448,0.03114042673427841,0.40263079467793444,0.016223810920439913,0.01792822658347029,0.4361953384718539,0.00477723666620891,0.3866171102269139,0.040963463159553404,0.39587946978433564,0.372165547553981,0.004756503143096626,0.003567378897748481,0.004367309244214497,0.30040149144330824,0.0045504079261761,0.04598277732222104,0.09780678479238553,0.00686022552535241,0.09350171871467373,0.06362476684736412,0.009409087531959832,0.006206023978684497,0.004726247296513194,0.293671316319561,0.0057409783713890964,0.007832815198074177,0.007073815858266465,0.005069378911162143,0.37279475861419803,0.37705438509074846,0.05027692951056524,0.0023069285020512476,0.004467532876012409,0.01200311025398326,0.3459870950857999,0.0446332501282398,0.050282848343409764,0.35014749700333764,0.012259639623986381,0.0,0.0049093037957307515,0.25581092110988796,0.0,0.012952623890445887,0.12857433244991306,0.1279607760998948,0.011137647438583856,0.06558512221802872,0.06946624525140593,0.3610530755025905,0.011078522660762395,0.34267781140314235,0.048606709881531394,0.37094672887655594,0.012206726210810063,0.26495954849361014,0.0015148630200230806,0.0,0.011501148267480426,0.0,0.0121318222733146,0.010837725910754405,0.01158242827039695,0.01124715325174782,0.0007000517623381241,0.0,0.0024117398566036396,0.311589425986064,0.33001116009972153,0.3122871302449029,0.00789961210754769,0.27152964947656283,0.013656086218669048,0.009725486921659266,0.0059567200847981975,0.006296358736042996
0.006016833633148679,0.012594937506936034,0.011121367190147691,0.0012944289484676885,0.012567531300015105,0.0017058506718095918,0.012616243737929213,0.0,0.013718502460615055,0.018940773365829975,0.41676431850143364,0.4188742230687938,0.0013872843380856137,0.01572454607372129,0.35577983787823375,0.006013728884566994,0.32202882354933676,0.0,0.024056178327120058,0.013631109338921093,0.44483192464050797,0.4576030905813486,0.0,0.015622620310402386,0.040538806538808425,0.42705867108419665,0.006748689347769075,0.42027961421938587,0.03917160396201581,0.01720071848762718,0.3346468840243637,0.42514236441247993,0.04599380544885592,0.04576394436933996,0.02314724492693653,0.42010021714485174,0.03281333274234223,0.412122575456517,0.017095376072519854,0.018891355259301905,0.4467484076864317,0.005033876306668506,0.3955854011869398,0.043164076022551984,0.4051429003143122,0.3806680535511048,0.005012028950541706,0.003759023336086065,0.004601927026946319,0.3064233789702865,0.0047948620187226775,0.048453034557492884,0.10306109807796678,0.007228766155702919,0.09852475800494429,0.06704277571502842,0.009914556490266922,0.006539420013643173,0.004980147718797037,0.29962227526962953,0.00604939152486362,0.008253604666270125,0.00745383085132386,0.005341712829704756,0.3808444444442997,0.38521768755511393,0.05297787443219159,0.002430859833634671,0.0047075348083326545,0.012647933635200366,0.3532578069836026,0.04703100893020111,0.052984111232773363,0.3575508206289278,0.01291824411128739,0.0,0.005173038261715061,0.2605944645621673,0.0,0.013648456433506892,0.1354815201732428,0.13483500274298652,0.011735976982192642,0.0691084440380655,0.07319806627076246,0.36871945549615154,0.011673675941024279,0.34983232430481415,0.05121792833678526,0.3788862663938413,0.012862488117706983,0.26993176080584946,0.001596243518409145,0.0,0.012119005569195618,0.0,0.012783560238981266,0.011419943262640996,0.012204652044234533,0.011851365596331783,0.0007376594935732902,0.0,0.0025413017964712793,0.3176422691771938,0.33650121055109394,0.31835867328616707,0.008323989996420462,0.2766376831219128,0.014389709713195597,0.0102479532848026,0.006276723176061043,0.006634607676827637
0.0055838926733762905,0.011688669415612293,0.010321129776442766,0.0012012883789463253,0.011663235220924294,0.0015831062729927785,0.011708442557831924,0.0,0.012731388309873536,0.017577890976219604,0.40173235370520455,0.40375142996754765,0.0012874623637004457,0.0145930871562542,0.34338646495079084,0.005581011326821781,0.3112677615442289,0.0,0.022325217232231208,0.012650283555831166,0.42822903458325856,0.44046547120622603,0.0,0.01449849545608002,0.03762183876455499,0.41110887597570733,0.006263087747064715,0.4046811540196148,0.03635301318002938,0.01596304165877477,0.32304554697686444,0.40938172579545956,0.04268432350391612,0.042471002066751515,0.021481686088888664,0.4044491690546846,0.03045225104439838,0.3969215563230229,0.015865279151818804,0.01753202874704745,0.42993922798515566,0.004671663991610021,0.38117328977216264,0.04005820711536856,0.3902841400283898,0.36695950974713526,0.004651388660888394,0.0034885430020502616,0.004270795600464444,0.29642027144569855,0.004449847964665208,0.04496659890641641,0.0956453419780726,0.006708620652563524,0.0914354140255794,0.06221871617913604,0.009201155079437575,0.006068876377292061,0.0046218014415615235,0.2897624830512202,0.0056141078636394995,0.007659716959933979,0.0069174908293936814,0.004957350153200002,0.36770264612185294,0.3718984047004243,0.0491658541567745,0.0022559474372460097,0.004368804379282232,0.011737852210147648,0.3413137259377792,0.04364689506121759,0.049171642188685874,0.3454060626711848,0.01198871250959876,0.0,0.004800812555219305,0.2525111497750275,0.0,0.012666382441103371,0.12573295424114286,0.1251329569398832,0.010891515351984961,0.06413574944245992,0.06793110311423542,0.3561554352226786,0.010833697179083002,0.33806139802978663,0.04753254489365405,0.3658983115317548,0.011936968435716564,0.2615371449339074,0.0014813858967718887,0.0,0.011246983136381769,0.0,0.011863719808512797,0.010598221822740278,0.011326466923640822,0.010998601184229488,0.0006845812420202875,0.0,0.0023584425542323008,0.30751071514123096,0.3256704635056405,0.3081979345222188,0.007725037717213084,0.26801909110108285,0.013354298878540878,0.009510562324483957,0.005825081877372286,0.0061572148169861994
0.23455560744756157,0.0009612940581032828,0.0008488255056435414,9.879579443039073e-05,0.0009592023110141266,0.00013019708227365187,0.0009629202315752077,0.0,0.29393786000380606,0.0014456326506127027,0.006230555224188538,0.006287285519753202,0.00010588287479529294,0.0012001578172750166,0.004568083661712761,0.00045899091127643647,0.0033538222728568203,0.0,0.0018360600260063625,0.2912320228922205,0.00760544631559637,0.00792309252332014,0.0,0.0011923784511136408,0.0030940775868792104,0.00731914038075461,0.0005150859197532885,0.007035098834916843,0.0029897274293202336,0.0013128249717918416,0.0042011732624875195,0.007085199822190651,0.003510424078181825,0.0034928801967766014,0.0017666867340526032,0.007133419602336059,0.0025044397222621093,0.0067366053613808615,0.0013047848336289365,0.0014418608707097071,0.00786868003723645,0.00038420479499501136,0.006160262321394058,0.0032944482480478554,0.006477461687212749,0.005654167225199199,0.23954028278716866,0.0002869031144665185,0.0003512367651202884,0.0027868718550649436,0.00036596230552830443,0.003698121899496578,0.00786601927555339,0.0005517272276316206,0.007519788358938608,0.005116962422252317,0.0007567170728377431,0.0004991136795315581,0.23896936660250853,0.0028596192874018444,0.000461712821106838,0.0006299468432653733,0.0005689050305758658,0.0004077000620655273,0.004676665984641045,0.004775820724109945,0.004043475076756984,0.00018553256916662634,0.0003592971570579419,0.2809795889859291,0.003917563532856602,0.0035895874359287054,0.004043951093357906,0.004060131772054425,0.0009859700612622794,0.0,0.0003948261704823148,0.001645411512819723,0.0,0.28943882159517054,0.01034047054648874,0.010291125850350052,0.0008957348881489758,0.005274622171167638,0.005586757864577285,0.004255198211229722,0.0008909798331393094,0.0037815203053169722,0.003909149223757361,0.004505075213421419,0.28266076700175297,0.0017414279366231898,0.00012183144288628371,0.0,0.2767058870249736,0.0,0.28385053500074103,0.2707027712631493,0.0009315059709410855,0.0009045417908496555,5.630100885256281e-05,0.0,0.00019396192442000724,0.0024822315416243097,0.002796635839010831,0.0024986628087775506,0.25806536631382543,0.0018110763105125918,0.001098277973789733,0.2701791731811885,0.0004790636468171317,0.000506378767982658
0.004634287182129344,0.009700876076503525,0.00856590235985701,0.0009969954048607722,0.009679767260606613,0.0013138807527335494,0.009717286567338309,0.0,0.010566268570395632,0.014588567439407164,0.3717606736601083,0.3735927588943507,0.0010685145074544042,0.012111364009264469,0.3188513928811677,0.004631895841860844,0.29015330293900493,0.0,0.01852855599300486,0.010498956617237867,0.394901686502137,0.406042304140232,0.0,0.012032858721055199,0.03122381022579603,0.37908852825125067,0.005197977282973722,0.37340405579086994,0.030170763097802155,0.013248341913836689,0.3001016103003665,0.3777865516772069,0.035425360919849935,0.03524831725877837,0.017828477070650585,0.37304359144672256,0.02527349376805084,0.3664781986748263,0.013167205051189056,0.014550504612410194,0.3961456935644797,0.003877193531809593,0.35237989197055125,0.03324584597747782,0.36055940983150053,0.33963514764354025,0.0038603662554321893,0.0028952759417801037,0.003544497444067012,0.2768951173530538,0.0036930998841357286,0.03731950901018222,0.07937974604575451,0.005567742168143254,0.07588576500257477,0.05163770432986669,0.007636392305448668,0.005036793801447924,0.0038358106847395184,0.2704822794875321,0.004659363930042145,0.006357093555076769,0.0057410915571507294,0.004114295459481074,0.3417375686113662,0.3455715466407943,0.040804632367586774,0.001872297499884665,0.0036258386971997998,0.009741694768342501,0.3178178289311935,0.036224236057825536,0.04080943607776993,0.3214917069344223,0.009949893374271023,0.0,0.003984378889396891,0.23692054230496817,0.0,0.010512317700988498,0.10435061207196628,0.10385265124693147,0.009039287275403457,0.05322872392848763,0.056378633839295755,0.3313985553757393,0.008991301751102238,0.31493059183727,0.03944908622347448,0.34027326713322836,0.009906948978243006,0.24533603857553454,0.0012294591022370311,0.0,0.009334303654343632,0.0,0.009846157126748887,0.008795871700877686,0.009400270304855738,0.009128161924109479,0.0005681602889946898,0.0,0.0019573621375244886,0.2878399498404711,0.3045980086036531,0.2884676405911544,0.006411305762562211,0.2513785657836494,0.011083245996869431,0.007893181272151602,0.004834459374169487,0.005110109268400893
0.004670422198527477,0.009776516903738498,0.008632693434745903,0.001004769296267941,0.009755243495666224,0.0013241255003461493,0.009793055352408464,0.0,0.010648657139134024,0.014702319156322995,0.3731830973806201,0.37502344775978513,0.0010768460561330015,0.01220580018032573,0.32003396083906,0.004668012212215599,0.2911906985386081,0.0,0.01867302905829586,0.01058082033319188,0.39646025976490473,0.407649818648395,0.0,0.012126682761325839,0.031467272240595666,0.3805855709355604,0.0052385075710149305,0.3748702437790656,0.030406014168017956,0.01335164346453701,0.3012098977211108,0.37926838177432914,0.035701583766523055,0.03552315963951474,0.017967491397122618,0.3745134338301107,0.025470559266121014,0.3679090886306651,0.013269873951872867,0.014663959541314489,0.3977207173426132,0.003907425247356039,0.3537404373858922,0.033505074450456064,0.36195993884019867,0.34093282154638316,0.0038904667633335444,0.002917851332454377,0.0035721350220225614,0.27786515678183055,0.00372189616274958,0.03761050113411735,0.0799986952632532,0.005611155631021055,0.07647747053462016,0.05204033999299885,0.007695935693748824,0.0050760672904347935,0.003865719725018182,0.27143647481325,0.0046956944778481155,0.006406661842675125,0.005785856680546796,0.0041463759344392125,0.3429944403413201,0.3468447711101022,0.04112279911077188,0.0018868964011183663,0.0036541105188697093,0.009817653871946852,0.31896590182384876,0.03650668798894603,0.04112764027701664,0.32265774333524183,0.010027475868861649,0.0,0.004015446363389425,0.23771489019090816,0.0,0.010594285597577304,0.10516426710243487,0.10466242351790093,0.009109769483580736,0.053643765279275,0.056818236043091705,0.3326038974364498,0.009061409800829826,0.31606338988633725,0.03975668334069103,0.34151744366717085,0.009984196621670187,0.24616041408297512,0.0012390455872937813,0.0,0.009407086199395119,0.0,0.009922930756705544,0.008864455920123474,0.009473567212937458,0.009199337116291022,0.0005725904161216322,0.0,0.001972624314890034,0.2888283254904063,0.3056521216251617,0.2894587030202616,0.006461296760046569,0.2522245359059365,0.0111696656036184,0.007954726925990772,0.004872155197042827,0.005149954421485489
0.0,0.0,0.0,0.0,0.0,0.0,0.0,0.0,0.0,0.0,0.0,0.0,0.0,0.0,0.0,0.0,0.0,0.0,0.0,0.0,0.0,0.0,0.0,0.0,0.0,0.0,0.0,0.0,0.0,0.0,0.0,0.0,0.0,0.0,0.0,0.0,0.0,0.0,0.0,0.0,0.0,0.0,0.0,0.0,0.0,0.0,0.0,0.0,0.0,0.0,0.0,0.0,0.0,0.0,0.0,0.0,0.0,0.0,0.0,0.0,0.0,0.0,0.0,0.0,0.0,0.0,0.0,0.0,0.0,0.0,0.0,0.0,0.0,0.0,0.0,0.0,0.0,0.0,0.0,0.0,0.0,0.0,0.0,0.0,0.0,0.0,0.0,0.0,0.0,0.0,0.0,0.0,0.0,0.0,0.0,0.0,0.0,0.0,0.0,0.0,0.0,0.0,0.0,0.0,0.0,0.0,0.0,0.0,0.0,0.0,0.0,0.0
0.0,0.0,0.0,0.0,0.0,0.0,0.0,0.0,0.0,0.0,0.0,0.0,0.0,0.0,0.0,0.0,0.0,0.0,0.0,0.0,0.0,0.0,0.0,0.0,0.0,0.0,0.0,0.0,0.0,0.0,0.0,0.0,0.0,0.0,0.0,0.0,0.0,0.0,0.0,0.0,0.0,0.0,0.0,0.0,0.0,0.0,0.0,0.0,0.0,0.0,0.0,0.0,0.0,0.0,0.0,0.0,0.0,0.0,0.0,0.0,0.0,0.0,0.0,0.0,0.0,0.0,0.0,0.0,0.0,0.0,0.0,0.0,0.0,0.0,0.0,0.0,0.0,0.0,0.0,0.0,0.0,0.0,0.0,0.0,0.0,0.0,0.0,0.0,0.0,0.0,0.0,0.0,0.0,0.0,0.0,0.0,0.0,0.0,0.0,0.0,0.0,0.0,0.0,0.0,0.0,0.0,0.0,0.0,0.0,0.0,0.0,0.0
0.003084646920793338,0.006457039959408619,0.005701585443396855,0.0006636142053319676,0.006442989633781609,0.0008745375629369141,0.00646796301359858,0.0,0.007033057410777572,0.009710356277505565,0.3200994926665456,0.32161521291852846,0.0007112183288839276,0.008061494730376035,0.27638390322794243,0.003083055210977801,0.2534142974985214,0.0,0.012332868237205037,0.00698825362523718,0.3376819351063014,0.34696363668603547,0.0,0.008009240503129499,0.02078300853685616,0.3241167475145471,0.0034598470034633037,0.31967026643194785,0.020082085513927726,0.008818283262142698,0.26036467514732126,0.32349917201039247,0.023579619946901647,0.023461777188671994,0.011866885831004603,0.31911218681681824,0.016822393965987868,0.314139828455323,0.00876427742182836,0.009685021122932999,0.33817776245799247,0.0025807147073956425,0.3028078190857253,0.022128904056497523,0.3094231755264602,0.29252838438761963,0.002569514234869239,0.001927136508306653,0.002359267498303259,0.24281678888176036,0.002458179378634709,0.02484039163513471,0.05283627871781721,0.003705967727024424,0.050510635648541,0.034370784415818784,0.005082890439290587,0.0033525610044668297,0.002553169700629421,0.2368673341822383,0.003101338357942724,0.004231371144947618,0.0038213515256559152,0.0027385330950705196,0.29674241025364567,0.29996077152076145,0.02716013890381032,0.001246227627001451,0.0024134093838076975,0.006484209456494912,0.2769968835221171,0.024111362507862777,0.02716333632107048,0.2799679807585204,0.006622789385500474,0.0,0.0026520587933881435,0.20951635047681672,0.0,0.006997146951056265,0.06945723938989737,0.06912578964039921,0.006016677120865887,0.03542978950396546,0.037526413973985095,0.28842923059091247,0.0059847372789956655,0.2747189175852499,0.02625786826862967,0.2958306206060408,0.006594204989720266,0.2168692650753504,0.0008183453214943529,0.0,0.006213044184260363,0.0,0.0065537410758213215,0.005854656280782978,0.00625695251738264,0.006075833340731759,0.00037817550296036174,0.0,0.001302847849756727,0.2533991418056727,0.2677488183975821,0.2539255754501744,0.004267455554980348,0.22214715687631195,0.007377164878446279,0.0052538127978548985,0.0032178843554922744,0.0034013608134763084
0.0003498733356719102,0.0007323840190384192,0.000646697261930586,7.526985148726355e-05,0.0007307903733406697,9.919364587647105e-05,0.0007336229567526203,0.0,0.0007977182865544746,0.001101388531203361,0.0047468920019494674,0.00479011328425809,8.066930689546256e-05,0.29930517248470684,0.003480299751430976,0.0003496927974006322,0.002555186745023587,0.0,0.0013988446196115437,0.0007926364569965837,0.005794384446927416,0.006036390526424114,0.0,0.29627381044415624,0.0023572942734779905,0.00557625567616638,0.0003924300716092458,0.005359852082322258,0.002277792702511113,0.0010002059422191951,0.003200760612968203,0.005398022673420869,0.002674497437319863,0.002661131227194271,0.0013459909793058198,0.005434760023540063,0.001908065085566892,0.005132437954499229,0.0009940803777764152,0.0010985149138112652,0.005994935120653199,0.0002927152722107491,0.004693337734943929,0.0025099512766988625,0.004935003377643419,0.004307757529342571,0.00029144486856827765,0.00021858374581261827,0.00026759781931910335,0.002123242511021765,0.000278816811442923,0.0028174993456126156,0.005992907958081332,0.00042034609595220884,0.005729123959742662,0.003898475677122171,0.0005765223309227501,0.0003802612525179068,0.00028959100429747867,0.0021786668178928074,0.00035176654709693524,0.0004799395117052615,0.00043343340077065255,0.0003106156825799108,0.0035630256950612235,0.0036385690170934273,0.0030806146180077437,0.18951323224270034,0.00027373881456666714,0.0007354656950999586,0.0029846860082470192,0.0027348098647384115,0.003080977282218944,0.00309330490496313,0.0007511840003917302,0.0,0.0003008074117611131,0.0012535946587547912,0.0,0.0007936451745741332,0.007878125651300076,0.007840531258021926,0.0006824362554262157,0.004018592388109667,0.004256400155355993,0.0032419207644896098,0.0006788135072469544,0.0028810383419491294,0.002978275373058351,0.0034322953138668463,0.0007479418407032506,0.0013267469827144631,9.28200908287725e-05,0.0,0.0007047090150807484,0.0,0.0007433522572294558,0.0006640591856273835,0.0007096892787439012,0.0006891459970924972,4.2894220339524146e-05,0.0,0.000147774359520579,0.0018911452716411353,0.002130681427078549,0.0019036638109727196,0.0004840323538450865,0.0013798102005286427,0.0008367483702672321,0.0005959090475445752,0.00036498567329481597,0.0003857963274865222
0.002573080137471735,0.005386185742821596,0.004756017992726797,0.0005535585026517771,0.005374465563908359,0.0007295017194665406,0.005395297286054389,0.0,0.00586667479100522,0.008099962656016896,0.3036577224389754,0.30507150249283105,0.0005932678204176481,0.0067245530855534,0.26290549108188593,0.0025717524014240967,0.24179435713246425,0.0,0.010287549633410494,0.005829301395080911,0.31942354892972097,0.32810732315554314,0.0,0.006680964850763653,0.017336294180903062,0.3065748291104192,0.002886055951263593,0.3025314443651577,0.016751614263069894,0.007355833614364903,0.2477578303111867,0.3061852878309887,0.019669107451332126,0.019570808077584805,0.00989884709967051,0.3019054453498798,0.014032519406621499,0.2974538999706395,0.007310784259093943,0.008078829156889001,0.3196695862236567,0.002152721502522264,0.28701867408572246,0.018458982487741995,0.2931275437612261,0.27753793943061106,0.0021433785488137805,0.0016075346057581096,0.0019679997402443257,0.23206024284055796,0.0020505077877376104,0.020720789109615688,0.04407375715849211,0.003091359300877562,0.04213380547453588,0.0286706339365806,0.0042399291608129636,0.0027965625732092763,0.002129744639491709,0.22624958567050707,0.002587003418319678,0.003529628293579728,0.0031876075160114908,0.002284366831495473,0.282472781208217,0.28549353457844406,0.022655822769626393,0.001039549626309015,0.0020131625785768585,0.005408849371785608,0.26407299784085414,0.020112664285222716,0.022658489917943416,0.26681652621882274,0.005524446803819983,0.0,0.0022122336785693583,0.20090663332001574,0.0,0.005836719825977132,0.0579382495523344,0.05766176838969155,0.005018853953404492,0.029554010552368747,0.0313029247451663,0.27481629936009483,0.0049922111074579235,0.2619931609286281,0.021903187310975528,0.28174391673631904,0.005500602927061222,0.20792353730876934,0.0006826285621657103,0.0,0.005182654934018517,0.0,0.005466849665890259,0.004883703118907494,0.005219281381948371,0.00506819953435858,0.0003154577817598086,0.0,0.0010867797872615543,0.24255073782184147,0.25613230327103337,0.24304466052456233,0.003559728360495564,0.21295959792196606,0.006153714479160625,0.004382505260173645,0.0026842210899355426,0.002837269280491812
0.00017945493505366937,0.00037565002293896366,0.00033170008487862164,0.1808846319637883,0.00037483261973606186,5.087781052052301e-05,0.00037628549144819016,0.0,0.0004091608839805932,0.0005649176064142801,0.0024347474044590805,0.0024569162056188895,0.1837595734936607,0.00046899209226288353,0.0017850944961579419,0.0001793623344452672,0.0013105910757606175,0.0,0.000717487001061334,0.00040655434241173156,0.002972020953247036,0.003096149261554014,0.0,0.0004659521077208616,0.00120908925493559,0.002860139651074968,0.2584458002241176,0.0027491432163106603,0.0011683117854918927,0.000513019639111785,0.0016417149561268128,0.0027687214471964383,0.0013717872011987514,0.0013649314847852805,0.0006903776285502837,0.0027875645487063683,0.000978673311445698,0.002632499324427919,0.0005098777512993428,0.0005634436877989121,0.0030748862032076085,0.22674467837726212,0.0024072786706989925,0.0012873891703774993,0.0025312323642036837,0.0022095091818601564,0.00014948615578321844,0.00011211466524952577,0.00013725467016281883,0.0010890408272664245,0.0001430090483839578,0.0014451348831989919,0.0030738464431270657,0.00021560140101646304,0.002938547935170882,0.0019995827864467816,0.0002957063797218043,0.00019504132329197844,0.0001485352828289373,0.0011174687306699132,0.00018042598971454617,0.0002461676987683411,0.00022231406299086322,0.23075870959138106,0.0018275257915091854,0.0018662730196253063,0.0015800903922509135,7.250155483212179e-05,0.0001404044726511967,0.00037723065776047114,0.0015308872644922923,0.0014027222901061105,0.0015802764078052046,0.0015865994182017408,0.0003852927967339131,0.0,0.00015428833534166019,0.0006429862614092578,0.0,0.0004070717277878392,0.004040801006980558,0.004021518316028543,0.00035003111529088475,0.0020611923301627265,0.0021831672653045866,0.0016628265744325864,0.0003481729570006092,0.0014777249245036454,0.0015275991599008815,0.0017604723476629305,0.0003836298476120191,0.0006805071131197696,4.760872485285074e-05,0.0,0.00036145512572481576,0.0,0.00038127578595530115,0.0003406052587565684,0.00036400957272348424,0.00035347263578468593,2.200104649422443e-05,0.0,7.579553908969739e-05,0.0009699949018625965,0.0010928563515197266,0.0009764158360512562,0.0002482669748362835,0.000707723980870766,0.00042917996066833554,0.0003056500982552337,0.00018720626472107436,0.0001978803407812721
0.20220228655702624,0.0005589868788532152,0.0004935870726454711,5.744917729069581e-05,0.0005577705401409746,7.570884272346608e-05,0.0005599324892269425,0.0,0.2532611097898262,0.0008406269408641988,0.0036230314636122992,0.0036560197990615755,6.157027311976516e-05,0.0006978847593560899,0.002656313962284815,0.00026690053345658135,0.0019502280584482758,0.0,0.0010676581787569717,0.2509288869328378,0.004422522601075024,0.004607232015159424,0.0,0.0006933611033807436,0.0017991880409953288,0.004256037372579885,0.00029951945317568257,0.004090868873061874,0.0017385090339942625,0.0007634000514997825,0.002442957708646484,0.004120002304468817,0.002041291093368229,0.002031089428823431,0.0010273180147685255,0.004148041824920706,0.0014563170674179865,0.003917296662016329,0.0007587247581289918,0.0008384336728855573,0.004575591472382554,0.00022341284374362156,0.003582156551292393,0.0019157024098882473,0.00376660612941946,0.0032878652094910383,0.20652370590814184,0.00016683248495818212,0.0002042421269725512,0.0016205497026584614,0.0002128049426923789,0.00215043627992155,0.004574044255008173,0.0003208261596463554,0.004372712999697127,0.00297548375495804,0.00044002655707153424,0.00029023168879747035,0.20603190860923223,0.0016628519095677873,0.00026848330812140976,0.00036631040917399775,0.00033081495170474514,0.0002370752042844576,0.0027194539487235873,0.0027771118504572,0.0023512571349258308,0.00010788610507871033,0.00020892919779503464,0.2421060702115901,0.002278040307730065,0.0020873241234212604,0.002351533935798351,0.002360942905931943,0.0005733358305315758,0.0,0.00022958911153881688,0.0009567971821182555,0.0,0.2493816708614841,0.006012923213173868,0.005984229560643706,0.0005208646045251359,0.003067161977895196,0.003248667060098667,0.002474372900723292,0.0005180995678163132,0.0021989319656879414,0.0022731474361457225,0.0026196749177022916,0.24355167747742426,0.001012630171626634,7.084427229224634e-05,0.0,0.2384308559808636,0.0,0.24457968371451375,0.2332674724378885,0.0005416652801920742,0.0005259857669951615,3.2738707734111425e-05,0.0,0.00011278772591378477,0.001443403140118544,0.001626227402281253,0.0014529578259757686,0.22243267425049373,0.0010531302941536118,0.0006386422255571613,0.23284095498693166,0.00027857271190744797,0.0002944562952887303
0.00024608660063888934,0.000515128977352023,0.00045486041548536423,5.294173632158234e-05,0.0005140080721203374,6.976875523206192e-05,0.0005160003954894057,0.0,0.0005610824300990899,0.0007746716654070954,0.0033387697696834256,0.0033691698526681925,5.673949251284281e-05,0.2670021536036023,0.0024479005620398325,0.00024595961739971585,0.0017972138942021305,0.0,0.0009838901172652074,0.0005575080789456192,0.00407553313144263,0.004245750313963604,0.0,0.2642973253895246,0.0016580244200424,0.003922110271723878,0.0002760192688743629,0.0037699008309190593,0.0016021062652418407,0.0007035039689059115,0.002251284160284841,0.003796748464191242,0.0018811321574521082,0.0018717309116929378,0.0009467150274594986,0.003822588014352875,0.0013420549748473045,0.003609947030650876,0.0006991954973048299,0.0007726504804139617,0.004216592276342135,0.00020588395556093143,0.003301101887700394,0.001765397115118461,0.0034710796208960947,0.0030299005345367992,0.000204990405576007,0.0001537428705695474,0.00018821736605949887,0.0014934019789358728,0.0001961083464597149,0.0019817138534794884,0.004215166453064418,0.0002956542591222459,0.004029631572764281,0.0027420284121223186,0.00040550223793627276,0.00026746021901642985,0.00020368647323840638,0.0015323851705085257,0.00024741820815616533,0.0003375698314391968,0.00030485933429069445,0.0002184743724022963,0.0025060866087516123,0.0025592206930743653,0.002166778379290082,0.1691425301821281,0.00019253669105781678,0.0005172965023072988,0.0020993061169792193,0.0019235534531796235,0.0021670334624696442,0.002175704208324711,0.0005283521156469893,0.0,0.00021157563569431534,0.0008817272329701645,0.0,0.00055821756965084,0.005541151506190991,0.005514709146909356,0.0004799977624132311,0.0028265135959676976,0.002993777857288972,0.002280234528137918,0.0004774496694506936,0.0020264045858739174,0.0020947971382698654,0.002414136203195362,0.0005260717130694847,0.0009331795869985137,6.52858571779394e-05,0.0,0.000495663510989655,0.0,0.0005228435876873502,0.00046707208281603264,0.000499166424845028,0.00048471712039073846,3.017004096679001e-05,0.0,0.0001039384431116223,0.001330154269455063,0.0014986342083692374,0.0013389592982325717,0.0003404485692750107,0.0009705020850556318,0.000588534595337914,0.00041913806183194744,0.0002567160010937312,0.0002713533644620298
0.0018785861004505583,0.00393241295657888,0.003472332308860112,0.0004041488229315885,0.003923856143722349,0.0005326036179313052,0.003939065224505365,0.0,0.004283214330462009,0.005913720695350505,0.2784999343903806,0.2797637544173737,0.000433140291688033,0.004909544702589463,0.24210253819784075,0.0018776167305316665,0.22366545435657648,0.0,0.0075108611922245225,0.004255928300350628,0.2917144552480828,0.29951361971653556,0.0,0.004877721266223564,0.012657095598105577,0.2799570896610381,0.0021070873449334825,0.2764868219378216,0.012230225268317397,0.005370437781526225,0.22827629109641484,0.27986739957692164,0.014360264699197272,0.01428849707932588,0.007227072449518923,0.27578103931961284,0.010245034939908254,0.2720600596463485,0.005337547592288108,0.005898291289504424,0.2916343532168121,0.0015716854807145658,0.2629183526122563,0.013476761731954914,0.2682939033121309,0.25459206007639357,0.0015648642617722148,0.0011736487031211336,0.0014368215369094427,0.21517268538842718,0.001497060030432812,0.015128089422795494,0.032177912528573965,0.0022569777480126907,0.030761568662732813,0.02093221024094826,0.003095539805543942,0.002041748915070043,0.0015549102490019736,0.20961609340741455,0.0018887513811554624,0.0025769545827636457,0.0023272478326908292,0.0016677987270906829,0.26039556798209473,0.2631220314240912,0.01654084267702251,0.0007589672199761166,0.001469794579261617,0.003948959498498633,0.24397206353110473,0.014684102146298889,0.016542789941580354,0.24638612129855506,0.004033356298234895,0.0,0.0016151348646266772,0.18719490219978938,0.0,0.004261344439928187,0.04230027223341652,0.04209841545421507,0.003664226830619096,0.02157715674211447,0.02285402559886855,0.253686497923952,0.0036447750928582795,0.24217511062381214,0.015991349293300292,0.25991258465351785,0.004015948066440032,0.19368725670957665,0.0004983818848001733,0.0,0.0037838166719693315,0.0,0.0039913050689844775,0.003565554241509681,0.003810557361071034,0.0037002536613225103,0.00023031331028626055,0.0,0.0007934495987389733,0.22540972740569423,0.2378237548386997,0.22585527207291356,0.002598930411074333,0.1983459732381831,0.004492779808269568,0.0031996335236582213,0.0019597292585857317,0.0020714685702733276
0.0022319318389826016,0.004672065698618269,0.004125447874768208,0.00048016570833352346,0.004661899423540363,0.000632781735227946,0.004679969200397081,0.0,0.005088849765816898,0.007026040224420632,0.2982868922001917,0.29965550174976174,0.0005146102207042149,0.005832987444115387,0.2588565010195986,0.002230780138996528,0.2386869291705837,0.0,0.008923588984866936,0.005056431470296444,0.3130090793925311,0.32143781293522505,0.0,0.005795178295610641,0.015037785410891185,0.30040410753336255,0.002503412184060353,0.29657850218679993,0.014530624477494125,0.00638057051044328,0.24401756964614932,0.3001858099504769,0.017061305835633086,0.016976039349438737,0.008586422043070896,0.2958827139978694,0.012172037080646032,0.29173210596434657,0.006341493962110946,0.007007708681269009,0.3130629615979377,0.0018673058767081179,0.2817449338751204,0.016011623629451063,0.2876062001116604,0.27265851842430333,0.0018592016456939243,0.0013944018363855868,0.0017070751957522538,0.229392099947164,0.0017786440270104583,0.017973551724680095,0.03823029855660935,0.0026814956708434107,0.03654755270409805,0.024869377286377763,0.0036777839723047445,0.002425784162706226,0.0018473753695268588,0.2235445762613633,0.0022440091207489403,0.0030616573706698093,0.002764982948473923,0.0019814971904218645,0.2782907613216143,0.2812310460970922,0.019652031602700754,0.0009017223658806631,0.0017462501811502018,0.004691724501441786,0.26049396957211923,0.017446054295481475,0.01965434513081881,0.2631262162227464,0.004791995606606687,0.0,0.0019189277125741244,0.19915483583091934,0.0,0.005062866338714039,0.050256586255349435,0.05001676196818679,0.004353436090340282,0.02563563262599092,0.027152669430910978,0.2709620021730597,0.004330325649556386,0.25851883491136735,0.018999183283347303,0.277688724731996,0.0047713130375224054,0.20608251615306342,0.0005921231911547095,0.0,0.004495519742755493,0.0,0.004742034906157639,0.004236204043741332,0.004527290123356153,0.004396239255170096,0.00027363324472915904,0.0,0.0009426905807664321,0.24007521339840734,0.2533905680015248,0.2405558197644418,0.0030877666615257743,0.21105400448870235,0.005337832690878523,0.003801456815216561,0.0023283373208043065,0.002461093827073426
8.492974187388147e-05,0.00017778201236751947,0.000156982044432831,1.8271323950486247e-05,0.00017739516403142565,2.4078687573144666e-05,0.00017808275737874715,0.0,0.0001936415303985279,0.0002673557374079847,0.0011522807579906929,0.0011627724759230695,1.9582010725736532e-05,0.00022195754786496116,0.0008448227669740007,8.488591724589561e-05,0.000620256900336974,0.0,0.0003395614936963445,0.00019240794547337238,0.0014065535301525656,0.0014652991153915583,0.0,0.0002205188295461961,0.0005722196399527975,0.0013536040244109394,9.52601449930896e-05,0.0013010732954530846,0.0005529210904139535,0.00024279424532384764,0.0007769662473346953,0.0013103389871153347,0.0006492188853366509,0.0006459743146304595,0.000326731576207378,0.0013192567677651845,0.000463171835843254,0.0012458698226380102,0.00024130729975265107,0.00026665818329776273,0.0014552360538420417,7.105495039700392e-05,0.0011392807673961244,0.0006092762503226339,0.0011979437135587318,0.0010456833880173482,7.074656721249077e-05,5.3059948321126766e-05,6.495783303160041e-05,0.000515404919470141,6.768117890570445e-05,0.0006839317768905387,0.0014547439717757292,0.00010203659949780251,0.001390711921873042,0.000946332570110668,0.00013994748315348325,9.230623408029423e-05,7.029655231299636e-05,0.0005288588514968744,8.538930806897684e-05,0.00011650255875008405,0.00010521346754326433,7.540017215895914e-05,0.000864904014449741,0.0008832417218036589,0.0007478014974129087,3.431244917006959e-05,6.644852434199339e-05,0.00017853007152425073,0.0007245153785960733,0.0006638593805393146,0.000747889532066321,0.0007508819916533646,0.00018234559981697226,0.0,7.30192707756918e-05,0.00030430290029978064,0.0,0.00019265280586926506,0.0019123697344068224,0.0019032439114546773,0.00016565747974883486,0.0009754902115162827,0.0010332166805798585,0.0007869576376116637,0.00016477807844450895,0.0006993555031582816,0.0007229592337393191,0.0008331699655872001,0.00018155858418193485,0.0003220602066101863,2.2531543707549793e-05,0.0,0.00017106406417644122,0.0,0.0001804444891652642,0.00016119655164919625,0.00017227299456424325,0.00016728623098437366,1.0412325518665306e-05,0.0,3.5871376667097526e-05,0.0004590646482334609,0.0005172106735991626,0.0004621034517250952,0.0001174960726621926,0.00033494099783510517,0.0002031158589542453,0.00014465349721800663,8.859817499685575e-05,9.364984172457011e-05
0.002223792904624891,0.004655028603052973,0.004110404068831822,0.00047841474214688066,0.004644899400184929,0.0006304742413718045,0.004662903284022365,0.0,0.00507029283075426,0.007000419155182573,0.296785983103632,0.2981479170061003,0.0005127336495952923,0.005811716946025868,0.25754771086940953,0.002222645404413391,0.237473685958218,0.0,0.008891048338367558,0.005037992751379397,0.3114420894562418,0.31982947251068755,0.0,0.005774045671882889,0.014982948813192763,0.2989003703792711,0.002494283272916879,0.2950924850300675,0.014477637286427947,0.006357303202883869,0.24278301871105984,0.2986814524962016,0.016999090293998823,0.01691413473949241,0.008555110905268398,0.2944010434856726,0.012127650684489708,0.290268996660368,0.006318369150597444,0.006982154459603883,0.3114976644837704,0.001860496582763361,0.2803293222808993,0.015953235845646747,0.28616255540276947,0.2712862575275055,0.0018524219045352745,0.0013893170283209347,0.0017008501969779915,0.22822283275840535,0.0017721580462431547,0.017908009598748144,0.0380908884344034,0.0026717173627139688,0.03641427886159161,0.024778688930346578,0.003664372611881626,0.002416938328921606,0.0018406387539170001,0.22240619271030077,0.002235826145528602,0.00305049276970375,0.0027549001966959493,0.001974271487879719,0.2768819545142635,0.27980772724336284,0.019580368753317787,0.0008984341565291945,0.0017398823273706697,0.004674615718335262,0.25917180952091623,0.017382435734989626,0.019582673844953533,0.2617914676030844,0.0047745211761588534,0.0,0.001911930175096926,0.1981338950067807,0.0,0.005044404154487376,0.050073321224836057,0.049834371477879565,0.004337560905466392,0.025542150052949422,0.027053654850682778,0.26958806096418103,0.0043145347389229715,0.2572059030432296,0.018929901102371853,0.2762817557464956,0.00475391402786887,0.2050263520702482,0.0005899639622301006,0.0,0.004479126437435399,0.0,0.004724742661766885,0.004220756355762832,0.0045107809645688005,0.004380207984817801,0.00027263541720681263,0.0,0.0009392529772417709,0.23884823666668753,0.2520968633654402,0.239326472633066,0.0030765068507505764,0.20997256883304982,0.005318367817836832,0.003787594470971843,0.002319846835438377,0.002452119233514221
0.00022661222086179918,0.0004743635829213925,0.000418864451244607,4.875212389852329e-05,0.0004733313819674666,6.424751501647703e-05,0.00047516604026323427,0.1755781619217659,0.0005166804500577781,0.0007133670264079717,0.0030745519280200593,0.003102546261322545,5.2249339767078724e-05,0.0005922341425858758,0.002254182801389916,0.00022649528660464502,0.0016549890602392515,0.0,0.0009060287068803934,0.0005133889597818951,0.0037530105731652945,0.00390975739993186,0.0,0.0005883953089073976,0.0015268145242099307,0.0036117290288570267,0.0002541761288825928,0.0034715648779956483,0.0014753215245384718,0.000647831277139699,0.002073125891570856,0.003496287889264433,0.0017322663437507099,0.0017236090776711187,0.0008717955156390286,0.00352008259337671,0.0012358497276129723,0.003324269227521583,0.0006438637619824079,0.0007115057904898948,0.0038829068211347247,0.00018959106383015952,0.0030398649423443885,0.0016256901429064887,0.003196391268916127,0.0027901254572136615,0.00018876822607300804,0.00014157623068863456,0.00017332254262022943,0.0013752196917973217,0.00018058906013328126,0.0018248883778461695,0.0038815938322166754,0.0002722572789131945,0.0037107414933937304,0.002525034465606718,0.00037341229658420814,0.00024629441044795425,0.0001875674820986914,0.0014111178983458503,0.00022783844990483833,0.00031085580848277456,0.00028073389861417095,0.00020118512183490327,0.002307764220428142,0.002356693470621272,0.001995307584287298,9.155356107385407e-05,0.00017730005227720185,0.00047635957800041444,0.0019331748262698427,0.0017713305756580538,0.0019955424811312346,0.0020035270563565554,0.0004865402911533948,0.0,0.0001948323255327981,0.0008119506138853211,0.0,0.0005140423040272687,0.005102645352041186,0.005078295542884245,0.0004420125218795313,0.0026028338057228124,0.0027568613945082882,0.0020997852348139225,0.00043966607553217303,0.0018660424516297454,0.0019290226713922806,0.0022230904285266404,0.00048444035116801707,0.0008593312196747493,6.011937686793776e-05,0.0,0.0004564385412855021,0.0,0.0004814676876415729,0.0004301097325685138,0.0004596642475457892,0.0004463584073911692,2.778249595559371e-05,0.0,9.571314068011996e-05,0.0012248907998543858,0.0013800378620222548,0.0012329990313503022,0.00031350673369592716,0.000893700153825881,0.0005419601528781836,0.000385969032010911,0.0002364004500349746,0.00024987946681947115
0.00021813053725222865,0.0004566090160629035,0.0004031871160274574,4.6927420497138635e-05,0.00045561544851488727,6.184284728497277e-05,0.00045738143888472785,0.1715527163007486,0.0004973420397638638,0.0006866669949953565,0.00295947703666826,0.0029864235929487064,5.0293741931145706e-05,0.0005700678948826592,0.0021698128356095405,0.00021801797963181776,0.0015930458272888526,0.0,0.0008721176988874294,0.0004941737439874562,0.003612542207673331,0.003763422285566499,0.0,0.0005663727417725404,0.0014696686312144103,0.0034765485748207525,0.00024466277828707333,0.0033416305134089607,0.0014201029209435848,0.0006235841297255537,0.001995532556894363,0.003365428187294529,0.0016674307625127434,0.0016590975221698575,0.0008391657937830215,0.0033883322988734607,0.0011895941181903028,0.003199847871455067,0.0006197651114505239,0.000684875421755311,0.0037375766751387915,0.00018249501485056817,0.002926088321830553,0.0015648435151875916,0.0030767561524504814,0.002685696131782326,0.00018170297441534234,0.00013627728965725532,0.00016683539482510848,0.00132374771788913,0.0001738299397929254,0.0017565861221919483,0.0037363128290098776,0.00026206718373049647,0.003571855182742968,0.002430527014247339,0.0003594361529168201,0.0002370760582501739,0.00018054717210589942,0.0013583023198035487,0.00021931087077058523,0.0002992210404825258,0.0002702265389604355,0.0001936551283338149,0.0022213887995054726,0.0022684867167818987,0.0019206268474349717,8.812687766108484e-05,0.00017066403352385915,0.0004585303046733944,0.0018608196056376465,0.001705032891210345,0.0019208529525169128,0.0019285386796017389,0.0004683299722342394,0.0,0.00018754010565250385,0.0007815607779471629,0.0,0.0004948026347450329,0.0049116626094367925,0.004888224169386238,0.0004254687964449843,0.002505414466445878,0.0026536770824939823,0.0020211940893672667,0.0004232101733202635,0.0017961998737821751,0.0018568228583715355,0.002139884193759069,0.00046630862918634075,0.0008271680137656007,5.78692178453608e-05,0.0,0.0004393548761606697,0.0,0.0004634472270535369,0.0004140115069072071,0.0004424598500976377,0.00042965202335960146,2.6742647620480195e-05,0.0,9.213077176179855e-05,0.0011790453631823075,0.0013283855527584957,0.001186850118308238,0.000301772746382417,0.0008602505811693454,0.0005216755692479364,0.0003715229125555741,0.0002275524107953806,0.00024052693247674712
0.0005575085102782094,0.2000359874559314,0.19375123829514443,0.0001199393565986899,0.001164483859807106,0.0001580609212058212,0.0011689974628663461,0.0,0.0012711306870658921,0.203565888217519,0.007563973640277794,0.00763284494384804,0.0001285431627022835,0.0014570069227215405,0.005545711924618905,0.0005572208301025393,0.0040715830858187255,0.0,0.20837889762828746,0.0012630330044549366,0.009233108990091827,0.009618735544340002,0.0,0.001447562672816769,0.25557685101000593,0.008885529927508337,0.0006253208870321089,0.008540699862104255,0.2544591044305774,0.0015937862876779527,0.005100278012515994,0.00860152310071705,0.004261699678140963,0.004240401181984138,0.21204506503997395,0.008660062529842697,0.23770234107698054,0.008178324971844751,0.0015840254572318463,0.0017504375174552153,0.009552678091090708,0.00046642952951100587,0.007478637158262214,0.26216531555514455,0.007863721240729019,0.006864231245891804,0.00046440519450186284,0.00034830404627718935,0.00042640592006185405,0.0033832980355757492,0.0004442829142425107,0.23461155705813103,0.2968791153624448,0.0006698039029054018,0.2895508443696428,0.2560665569350167,0.0009186641938220395,0.0006059303833504588,0.00046145113941250783,0.003471614347813538,0.0005605252634102547,0.0007647635155751415,0.000690657975133785,0.0004949530838970944,0.00567753225184129,0.005797907372302412,0.24125499071730389,0.00022523890922933782,0.0004361913388492559,0.0011719337892625381,0.004755972177503678,0.23188426518457794,0.24261657258804845,0.004929051841262472,0.18747899056291006,0.0,0.0004793240150453861,0.001997550597426721,0.0,0.001264640353677109,0.29417349742524357,0.29300890506201716,0.0010874335976242696,0.24772416327409422,0.2550005616617468,0.005165864990481765,0.001081660900094593,0.004590813961257856,0.2294310757028997,0.005469218863432277,0.0011918140048724176,0.00211411576257663,0.00014790492811479397,0.0,0.001122924307514855,0.0,0.0011845006957848336,0.0010581505063959828,0.0011308601491253766,0.0010981252900149924,6.83501440174291e-05,0.0,0.00023547225419570298,0.003013460803143382,0.003395151636825293,0.00303340857138416,0.0007712852881469086,0.002198669778267304,0.19716031624679659,0.0009495561149862032,0.0005815893874870636,0.0006147502935448286
0.0006271276771886452,0.001312755908613596,0.001159167362496856,0.000134916846506436,0.001309899391060545,0.0001777988614391532,0.0013149766326633334,0.0,0.0014298637966710817,0.001974175110913522,0.00850852880609195,0.008586000449729117,0.00014459505739874257,0.0016389514245050065,0.006238235602732032,0.0006268040728005231,0.004580024153919852,0.0,0.002507347910237595,0.001420754911707361,0.010386098306008592,0.010819880177979012,0.0,0.0016283278189521283,0.004225313367585774,0.009995115126131,0.0007034081599692438,0.009607224225893886,0.00408281140916257,0.0017928111842235581,0.005737177897803458,0.009675642798251276,0.004793881655177671,0.004769923498169849,0.0024126108231365224,0.00974149236921692,0.003420096083453518,0.009199597581618039,0.0017818314649686107,0.0019690243182794586,0.010745573765693829,0.0005246751610454522,0.008412535886236468,0.004498942198581513,0.008845707544977995,0.007721405714100538,0.0005223980361429069,0.00039179869628934986,0.00047965358242591394,0.0038057891479158223,0.0004997629756081551,0.005050204288078378,0.010741940194268513,0.0007534460157233072,0.010269122664919006,0.006987791714035277,0.0010333828656723068,0.0006815962569952016,0.0005190750918787017,0.0039051340058515556,0.0006305211489464251,0.0008602637597082192,0.0007769042511320976,0.0005567606092090778,0.006386517062284946,0.006521924088894127,0.00552182316493028,0.00025336573586474926,0.0004906609605041409,0.0013182796343545404,0.005349876691502554,0.004901988185902467,0.005522473219510553,0.005544569768828815,0.0013464537856314313,0.18033023303924486,0.0005391798522073559,0.002246995773402408,0.0,0.0014225629795046203,0.014121083651064733,0.014053697879906828,0.0012232274370747934,0.007203093957084077,0.007629350597660017,0.005810955083957927,0.0012167338709208123,0.0051640942565919605,0.005338385999456954,0.006152190430508417,0.001340642402290068,0.0023781170745375132,0.00016637463339725034,0.0,0.0012631500679317676,0.0,0.0013324158399038355,0.0011902876045084083,0.0012720769019154495,0.0012352542601467198,7.688540401252249e-05,0.0,0.0002648769751378935,0.003389768297583964,0.003819122973823226,0.003412207053820517,0.0008675999420420885,0.0024732298171763725,0.001499822959727203,0.0010681324316545535,0.0006542156665381127,0.0006915175580896862
0.00017130929886213474,0.0003585988985366882,0.00031664389143755346,3.6854553259902406e-05,0.00035781859806997254,4.8568416607237376e-05,0.00035920552250460504,0.0,0.0003905886686011953,0.0005392754400471805,0.0023242318225439023,0.0023453943599918998,3.949830122783364e-05,0.0004477040794303717,0.0017040672993919991,0.2168398244535719,0.0012511020564376046,0.0,0.0006849195596529774,0.00038810044052051785,0.0028371179959584677,0.00295561199813596,0.0,0.0004448020827798491,0.0011542075031974533,0.0027303150962491468,0.00019214645291757394,0.0026243568989447186,0.0011152809632408744,0.26934417545507844,0.001567195897852875,0.002643046454654069,0.001309520429489037,0.0013029759007936398,0.0006590407082518077,0.002661034249233743,0.0009342503662476908,0.0025130075881608874,0.2649757936966476,0.27791459474910757,0.0029353140909432803,0.00014332286269361528,0.002298009921654613,0.0012289533083841785,0.002416337234967618,0.0021092173846359364,0.00014270083198971573,0.00010702567020692526,0.00013102454554461858,0.0010396081918586154,0.00013651772687259953,0.0013795387879859272,0.0029343215265965317,0.22961146103298768,0.002805164351129971,0.001908819755001705,0.00028228397599682886,0.00018618820559211248,0.0001417931200950489,0.001066745724736804,0.00017223627639586413,0.2169121642644351,0.0002122230087836112,0.00015208748244892336,0.0017445725964698403,0.001781561049751656,0.0015083685336062024,6.921063787402064e-05,0.00013403137539678644,0.0003601077867873709,0.001461398784261429,0.0013390513442525264,0.001508546105731336,0.001514582108460403,0.00036780397733491064,0.0,0.00014728503588982405,0.0006138004819263565,0.0,0.0003885943412649917,0.0038573850707433834,0.0038389776401192145,0.2585515228486431,0.0019676327808682715,0.0020840711536087996,0.0015873492390174706,0.2593196023331621,0.00141064953522795,0.0014582599299748553,0.0016805627744598847,0.0003662165111109818,0.0006496182252350907,4.544771795672825e-05,0.0,0.0003450483216832373,0.0,0.0003639693026306467,0.0003251448507052392,0.25828532621714967,0.254449653639033,2.100239733185176e-05,0.0,0.18216039527157876,0.0009259658782202373,0.001043250525709335,0.0009320953598840895,0.00023699789240740274,0.0006755996925614264,0.0004096990596875079,0.00029177633935554485,0.00017870878804405836,0.0001888983572823002
0.0006307550698784148,0.0013203490692403194,0.0011658721458605726,0.0001356972240922861,0.001317476029197085,0.0001788272744939319,0.0013225826382632208,0.0,0.0014381343254199687,0.001985594011124968,0.008557743306287943,0.008635663056561155,0.00014543141508675968,0.0016484313448344508,0.006274318414965507,0.0006304295937180297,0.0046065156431958085,0.0,0.0025218507552102146,0.0014289727534135112,0.010446172926282632,0.01088246385222814,0.0,0.0016377462908867347,0.004249753160915063,0.010052928245948112,0.0007074767694569247,0.009662793731424583,0.004106426951576032,0.0018031810505527623,0.005770362523396279,0.009731608046209296,0.004821610125637734,0.004797513391356492,0.0024265656957747988,0.009797838500145088,0.003439878389326295,0.009252809318605925,0.001792137823092372,0.001980413425598282,0.01080772764144015,0.0005277099542987368,0.008461195150188842,0.004524964698682275,0.008896872333348262,0.0077660673861345885,0.0005254196581927417,0.0003940649138052989,0.0004824279646798011,0.003827802355490781,0.0005026536733564438,0.005079415363881225,0.010804073052938236,0.0007578040510468684,0.010328520682005519,0.007028210061850439,0.001039360094216066,0.0006855387034378184,0.0005220774935621409,0.003927721837740748,0.0006341681699433084,0.0008652396435461459,0.0007813979721138298,0.0005599809891050035,0.006423457554863227,0.006559647794327354,0.0055537621491455235,0.0002548312381086209,0.0004934990109459057,0.0013259047449702404,0.005380821113679746,0.004930341959396557,0.0055544159637308434,0.005576640322527752,0.0013542418594109326,0.1807277753196288,0.0005422985425881343,0.0022599927058275936,0.0,0.0014307912793234468,0.014202761939985311,0.014134986400264187,0.0012303027527155608,0.007244757642668461,0.007673479810246688,0.005844566446936872,0.0012237716268823405,0.005193964087627993,0.005369263957891845,0.006187775545637988,0.0013483968622294911,0.0023918724305923853,0.00016733696714666126,0.0,0.0012704563015571728,0.0,0.0013401227162755935,0.001197172391629706,0.001279434769575698,0.0012423991405853415,7.733011975799122e-05,0.0,0.00026640905997205494,0.0034093751833744177,0.0038412133060801014,0.0034319437284614715,0.0008726182593670651,0.0024875353184088556,0.001508498141891786,0.001074310656464626,0.0006579997398817924,0.0006955173907016146
3.1376979786274444e-05,6.568090854087881e-05,5.79964371290731e-05,6.750273221296417e-06,6.553798885038926e-05,8.895782285368308e-06,6.579201767567548e-05,0.0,7.154014896360328e-05,9.877359077403075e-05,0.0004257058746896506,0.0004295820011704812,7.2345016146222245e-06,8.200139714438109e-05,0.00031211665427750113,3.136078893915641e-05,0.00022915162338619534,0.0,0.00012544974103099112,7.108440556432705e-05,0.0005196460122232212,0.000541349351947412,0.0,8.146986796967725e-05,0.00021140443477115695,0.000500084012684645,3.5193509104552535e-05,0.0004806767286837531,0.00020427465684619953,8.969943814338785e-05,0.0002870473134539867,0.0004840999042825203,0.00023985152188882718,0.0002386528272122969,0.00012070977535078608,0.0004873945454413772,0.0001711171258757202,0.00046028200932592323,8.915009158820804e-05,9.851588198164134e-05,0.0005376315909856979,2.625098926630745e-05,0.0004209030761280671,0.0002250948627516024,0.00044257588515038583,0.0003863238696449345,2.613705823657154e-05,1.9602802142093375e-05,2.3998431751027372e-05,0.00019041444590725125,2.5004561836406507e-05,0.00025267607159989167,0.0005374497930818397,3.769704521953011e-05,0.0005137933884921043,0.00034961907652502944,5.170308131358203e-05,3.410219761630063e-05,2.5970801892287266e-05,0.00019538495145612715,3.15467648214789e-05,4.304144049300139e-05,3.8870727397843326e-05,2.7856315414527832e-05,0.0003195355970674736,0.0003263103953922458,0.0002762725041989846,1.2676607749798627e-05,2.4549162155733338e-05,6.595727623636227e-05,0.00026766953351644527,0.0002452603988252152,0.0002763050282768831,0.0002774105814306103,6.736690908668299e-05,0.0,2.6976700182836343e-05,0.0001124235837875217,0.0,7.117486833417505e-05,0.0007065179426716131,0.0007031464410517472,6.120154469847567e-05,0.00036039125956495894,0.00038171809057818066,0.0002907385957284902,6.087665313115133e-05,0.0002583743103635353,0.0002670946215405277,0.00030781156979826083,6.707614906401956e-05,0.00011898395508816294,8.324195692425208e-06,0.0,6.319898736761397e-05,0.0,6.666455077057395e-05,5.9553471270697716e-05,6.36456222390281e-05,6.180328083315344e-05,3.846795246504139e-06,0.0,1.3252547761898854e-05,0.0001695997405667871,0.00019108157510787258,0.00017072241530507914,4.340849054225156e-05,0.00012374271588241648,7.504040469289439e-05,5.344170084683984e-05,3.2732268868840946e-05,3.459858850322611e-05
0.0002629197275803543,0.0005503654812676423,0.0004859743529961196,0.20213842340594737,0.000549167902458422,7.454116588067204e-05,0.000551296507250749,0.0,0.0005994623002178335,0.0008276617365767524,0.0035671525228097487,0.00359963207072509,0.20535191767413846,0.0006871211042383449,0.0026153449527296217,0.00026278405827302894,0.0019201491923594746,0.0,0.0010511914136274634,0.0005956434517754264,0.004354312904000788,0.004536173497554934,0.0,0.0006826672177659676,0.0017714387037220617,0.0041903954197609825,0.2888637665334652,0.004027774356250558,0.0017116955645637736,0.0007516259372766924,0.002405279347154009,0.004056458455294443,0.0020098077388037696,0.0019997634171401778,0.0010114734263046404,0.004084065515051692,0.0014338559168546245,0.0038568791938046122,0.0007470227521511996,0.0008255022959310426,0.004505020954960938,0.25342236010012004,0.003526908034715735,0.0018861560417066366,0.003708512799828967,0.0032371556235398485,0.00021901241859859669,0.00016425938487761422,0.0002010920484162068,0.001595555550161603,0.00020952279763936807,0.0021172695512325346,0.0045034976007157996,0.00031587797573935894,0.0043052715288430495,0.0029295921080672678,0.0004332399149512266,0.0002857553712384811,0.0002176192930318444,0.0016372053193155723,0.0002643424213994294,0.00036066071005458035,0.00032571270810333923,0.25791093087438643,0.002677511115010385,0.0027342797441803645,0.0023149930948329804,0.0001062221500897298,0.00020570682934674267,0.000552681272006696,0.002242905509487227,0.0020551307896619943,0.002315265626534856,0.002324529479715865,0.0005644931253947254,0.0,0.00022604809995737263,0.0009420402544910446,0.0,0.0005964014739613284,0.005920184360736679,0.005891933257747488,0.0005128311765257597,0.0030198563543266514,0.003198562037229929,0.002436210014689424,0.0005101087856852162,0.0021650172756352624,0.0022380881019126125,0.002579271001501612,0.0005620567358355438,0.000997012117523735,6.975162296325836e-05,0.0,0.0005295685134525261,0.0,0.0005586077961376386,0.0004990213382425559,0.0005333110380524069,0.0005178733539973447,3.223377027226491e-05,0.0,0.00011104817197314444,0.0014211411643584762,0.0016011456811711204,0.0014305484858522486,0.0003637363629572675,0.0010368875963036434,0.0006287922831886406,0.0004478084737215,0.00027427621373065264,0.0002899148205434428
0.0028218735755316787,0.005906980897807615,0.005215881659875581,0.0006070825732924113,0.0058941274842298046,0.0008000378983494325,0.005916973444369414,0.0,0.0064339288652090505,0.008883155347142214,0.3138816274987979,0.315354068932368,0.0006506314207900278,0.007374756185413055,0.2714276206758139,0.002820417459488674,0.24929404777671735,0.0,0.011282262081435297,0.006392941801941632,0.33059776876939656,0.33962956456654925,0.0,0.0073269533649077834,0.01901255609349297,0.3173073976269129,0.0031651113028989897,0.3130476486210787,0.018371342947330095,0.008067075797639059,0.25574756551876465,0.31681459131815704,0.02157093118201301,0.021463127153203622,0.01085597554930232,0.31244492585194694,0.015389336358015248,0.3077216207144538,0.008017670579596075,0.008859978430932326,0.3309551017200165,0.0023608700852260794,0.29679052574154785,0.02024379814479576,0.3031816232159113,0.2868662727856056,0.002350623752901083,0.001762968575941359,0.002158287409231409,0.23908567810813378,0.002248773234215775,0.022724300887900884,0.048335288469543554,0.0033902656184629995,0.04620776110844734,0.0314428233777726,0.004649891733562744,0.0030669647294445435,0.002335671568596029,0.23315597481305098,0.0028371431109563004,0.003870911235158146,0.003495820160283602,0.002505244319732702,0.29153686053289,0.29467415194454843,0.024846434696882802,0.0011400646168049885,0.002207817083115492,0.005931835893486852,0.2723653317155706,0.02205737592602795,0.024849359734174955,0.2752356549758134,0.006058610545432848,0.0,0.0024261365472239152,0.20668276679521966,0.0,0.006401077527608737,0.06354035113144181,0.06323713675594214,0.005504131466531288,0.03241161447488338,0.03432963275758521,0.28351711217206393,0.005474912499792284,0.2701782159370751,0.024021026237252805,0.29072096071359044,0.0060324611827356186,0.21391678934886146,0.0007486325332141978,0.0,0.005683770511623401,0.0,0.005995444288314308,0.005355912776011659,0.005723938403821424,0.005558248316191645,0.0003459596790555153,0.0,0.0011918615045968459,0.24972195258185836,0.263775055019665,0.2502350175706289,0.0039039217046785346,0.21910897089061146,0.006748722679571348,0.004806253644499421,0.002943760846880017,0.003111607404950313
0.0031134004304521493,0.006517229201680934,0.005754732722915993,0.0006698000794215145,0.006503047906064813,0.0008826895572845951,0.006528254075026283,0.0,0.007098615994753127,0.009800871279768433,0.3210644446025294,0.3225860610138838,0.0007178479444004507,0.00813663988395319,0.2771775201896395,0.0031117938835273015,0.2541012829714792,0.0,0.012447828962074026,0.007053394571112378,0.3387502175040142,0.34806657511481937,0.0,0.008083898569378205,0.020976737171623207,0.32514305193141085,0.003492097937455615,0.3206735417556964,0.02026928050078389,0.008900482813489386,0.26110731594449194,0.32451279926741144,0.02379941717079914,0.023680475942315364,0.011977502904894544,0.3201191009404135,0.0169792037662035,0.3151171309889147,0.008845973558200503,0.009775299963771102,0.33925989812132074,0.0026047708172750365,0.30373362199752,0.022335178444738944,0.31037810423265993,0.293408285809021,0.0025934659396406115,0.0019451002946421058,0.0023812593899336758,0.2434542499113764,0.0024810932765042533,0.025071941131446535,0.05332879163403056,0.0037405128732179572,0.050981470102949004,0.034691171386210515,0.005130270558666853,0.0033838118729451246,0.0025769690499658927,0.23749604951581663,0.0031302474566889168,0.004270813834568308,0.0038569722209328967,0.0027640603076890162,0.29758337814464797,0.300813220685935,0.027413311904273045,0.0012578443270744846,0.0024359059585567226,0.0065446519589999076,0.27776006318637747,0.02433611636545456,0.027416539126230648,0.280744246663723,0.006684523659618075,0.0,0.002676779936549582,0.2100293853521489,0.0,0.007062370795991349,0.07010468444761508,0.06977014509213665,0.006072761524738036,0.0357600479811496,0.0378762161180775,0.2892324835063175,0.00604052395590739,0.27547076096548145,0.026502630761151086,0.29666134218524015,0.006655672814639215,0.21740216993843375,0.0008259735203482366,0.0,0.006270959022019758,0.0,0.0066148317167159685,0.005909230408792163,0.006315276646290402,0.006132469168797008,0.0003817006626484274,0.0,0.0013149923347476726,0.25404361823277477,0.2684382628963677,0.254571940239952,0.004307234605117834,0.22269435982324176,0.007445931057212858,0.005302786168521859,0.003247879836749101,0.003433066568953258
0.0003903816265575269,0.0008171793488288717,0.0007215717897390775,8.398458544407602e-05,0.0008154011910322822,0.00011067827374458887,0.0008185617305961035,0.0,0.000890078009636735,0.0012289071570923185,0.005296486562073057,0.005344711999021938,9.000918912166001e-05,0.30292117188596346,0.0038832484197807936,0.0003901801855878628,0.0028510259456180262,0.0,0.0015608026740776921,0.0008844078064905373,0.0064652575508421855,0.006735283063844769,0.0,0.2998535337848627,0.0026302215085576863,0.00622187385838344,0.00043786557603967685,0.005980415083608499,0.002541515255683842,0.0011160096606566913,0.0035713442749564545,0.006023005060953076,0.0029841504148916754,0.00296923666663556,0.0015018296459319196,0.006063995856857548,0.0021289806216605403,0.0057266709766126845,0.0011091748791316495,0.0012257008326392817,0.0066890279563974605,0.000326605809683701,0.005236731788756115,0.002800553120448927,0.005506377449231837,0.004806509155350879,0.0003251883188669738,0.00024389134446468707,0.0002985802612491736,0.002369071262424046,0.0003110981868728051,0.003143709066175993,0.006686766089197484,0.00046901371417685915,0.006392441212643125,0.004349840701656233,0.000643272014027988,0.00042428785260145555,0.00032311981442361136,0.002430912588587383,0.00039249403376369265,0.00053550684812523,0.00048361626550437486,0.00034657872731842305,0.0039755523627802315,0.004059842081154613,0.0034372877917810134,0.19175728284109966,0.00030543226015564097,0.0008206178209579835,0.0033302525796238018,0.003051445807585918,0.003437692445209062,0.003451447358567123,0.0008381559896633679,0.0,0.00033563485613542576,0.0013987356909857063,0.0,0.0008855333132625942,0.00879025405029177,0.008748306982878979,0.0007614486394154299,0.004483864510363999,0.004749205631050859,0.003617269943654307,0.0007574064499067257,0.003214604599532503,0.003323099721897697,0.0038296860344613315,0.000834538453133134,0.0014803575818308529,0.00010356678929351968,0.0,0.0007863001363869361,0.0,0.000829417488260859,0.0007409438747821036,0.0007918570143518524,0.0007689352341295812,4.7860507786060425e-05,0.0,0.00016488365631623053,0.0021101018338023484,0.002377371455248102,0.0021240697680463324,0.0005400735590142427,0.0015395644523427026,0.0009336269915424346,0.0006649033222667359,0.00040724366873340947,0.00043046377785513676
0.0002480535334314512,0.0005192463249659199,0.0004584960456453717,0.1972654797085248,0.0005181164605091005,7.032640628744605e-05,0.0005201247082160152,0.0,0.0005655670766756489,0.0007808634982748819,0.0033654560489434723,0.0033960991151705767,0.2004014039148103,0.0006482694142817819,0.0024674662591395793,0.0002479255352345491,0.0018115787516733485,0.0,0.0009917542014164866,0.000561964156276727,0.004108108248261649,0.004279685950848682,0.0,0.0006440673626246345,0.0016712767572041266,0.003953459102946177,0.281893192680802,0.0038000330752175683,0.0016149116570920742,0.0007091269691933957,0.0022692783323719976,0.0038270952975415252,0.0018961677608455034,0.0018866913723580153,0.000954281976768753,0.0038531413792998667,0.0013527818162624593,0.003638800788537588,0.0007047840606337152,0.000778826158257328,0.004250294857464666,0.24730828037169775,0.0033274870933054476,0.0017795076659107654,0.003498823432685149,0.0030541180689499263,0.00020662886272825024,0.00015497171396435533,0.0001897217588564692,0.0015053385139492364,0.00019767581066355725,0.0019975533910803296,0.004248857637798224,0.0002980173786745432,0.0040618398054020404,0.0027639450284189294,0.0004087433556858105,0.00026959798789179083,0.00020531450825767911,0.0015446332922464984,0.000249395784285202,0.00034026797578965524,0.0003072960286095976,0.2516882496466498,0.002526117378078169,0.002579676155060277,0.0021840971095150315,0.00010021606176505197,0.00019407560756294048,0.0005214311746186892,0.002116085551667626,0.0019389281235415278,0.002184354231535674,0.0021930942813443645,0.0005325751537952973,0.0,0.0002132667275899076,0.0008887747447165229,0.0,0.0005626793178333088,0.005585441087898344,0.005558787378858336,0.00048383431156623575,0.0028491054894966314,0.003017706668633677,0.002298460096114728,0.00048126585208397107,0.0020426013297055816,0.0021115405333768347,0.0024334320269072097,0.000530276524306623,0.0009406383495896153,6.580767711059894e-05,0.0,0.0004996252740897621,0.0,0.0005270225970089997,0.00047080531897678214,0.0005031561862031212,0.0004885913906546921,3.041118551824648e-05,0.0,0.00010476920728827117,0.0013407859903409826,0.0015106125637971385,0.0013496613963751025,0.00034316972293940885,0.0009782591607005054,0.0005932386628983657,0.0004224881686491726,0.0002587678930684088,0.00027352225065716066
0.23674243102919992,0.0009834845712430533,0.0008684197945893397,0.00010107639666233134,0.0009813445382616918,0.00013320255187018067,0.0009851482833052687,0.0,0.29668482165914506,0.00147900363637745,0.006374381368129569,0.006432421225902103,0.00010832707519850519,0.0012278622617054615,0.004673533310198901,0.000469586257998761,0.0034312419100499653,0.0,0.0018784436377524824,0.29395373839300576,0.007781010447068324,0.008105989200215503,0.0,0.0012199033166466942,0.0031655012774433433,0.0074880954256983144,0.0005269761637156285,0.007197497064490661,0.0030587423007275957,0.0013431302249463713,0.0042981531508971315,0.007248754583012157,0.003591458711628701,0.0035735098472449976,0.0018074689326476976,0.007298087468617743,0.002562252211683165,0.00689211316726923,0.0013349044882248922,0.0014751447887028485,0.008050320656240652,0.00039307377892332295,0.006302465823886361,0.0033704972951842135,0.006626987420229407,0.005784688027910494,0.24177238785950736,0.0002935259862899145,0.00035934471500916065,0.0028512040081635423,0.00037441017980884407,0.0037834893496659543,0.008047598473531847,0.0005644632995870482,0.007693375162040837,0.005235082388676263,0.000774185130615013,0.000510635220282301,0.2411961307351227,0.0029256307423119435,0.0004723710003988094,0.0006444885369178009,0.0005820376349541597,0.00041711141076584155,0.004784622147594195,0.004886065775182717,0.00413681466006633,0.00018981540320605716,0.00036759117304354755,0.28360496048183503,0.004007996573942141,0.0036724494764166027,0.004137301665035013,0.004153855858537118,0.0010087301952872727,0.0,0.000403940338254557,0.001683394194068785,0.0,0.29214388527040513,0.01057916998044343,0.010528686211282485,0.0009164120333343305,0.005396381555416367,0.005715722589530674,0.00435342521161806,0.0009115472126293672,0.0038688129243819565,0.003999388028922003,0.004609070374814936,0.2853019929623572,0.0017816270611094528,0.00012464380005359991,0.0,0.27929097243225015,0.0,0.2865027383055468,0.2732313144491731,0.0009530088558426391,0.0009254222345870537,5.760066140548734e-05,0.0,0.0001984393417057748,0.002539531377378051,0.0028611933839260343,0.002556341943921102,0.26047317081905386,0.0018528831981415993,0.0011236306237963167,0.2727016155354613,0.0004901223525896995,0.0005180680160435384
0.0005855101497709,0.20029871441494457,0.19400079713891077,0.0001259634774193493,0.0012229716795196764,0.00016599975057235287,0.0012277119845634566,0.0,0.0013349749918452995,0.20386116741664767,0.007943884725225323,0.008016215185702434,0.00013499942163803225,0.0015301871196804072,0.005824253010863494,0.0005852080204587238,0.004276084003081387,0.0,0.20870243673536681,0.0013264705918748457,0.009696854716965582,0.010101849900663878,0.0,0.001520268519202977,0.25602397302528435,0.009331818013061401,0.000656728497361115,0.008969668378539238,0.25489884645426847,0.001673836418273594,0.0053564465616699804,0.009033546548814974,0.004475749465387923,0.004453381222670955,0.21236822333345468,0.009095026202099118,0.23809589861823865,0.008589092705957702,0.0016635853365573057,0.0018383556737068612,0.01003247462004946,0.0004898566006557942,0.007854262099839871,0.2626311677532831,0.0082586875653579,0.007208996796907353,0.0004877305906083451,0.00036579810091113977,0.0004478227498160093,0.003553228879934062,0.0004665976408664553,0.2350732403289929,0.29765365396910015,0.0007034457345082858,0.2902971813295362,0.25663500738775447,0.0009648053792855783,0.0006363640786922223,0.0004846281639979666,0.0036459810016546013,0.0005886784235202717,0.0008031748256547159,0.0007253472314875529,0.0005198127901895881,0.005962694197162713,0.006089115325289912,0.24174412031685422,0.00023655184637682533,0.0004580996548571959,0.0012307957920324269,0.004994847487739336,0.23233666656100652,0.24310712809602225,0.0051766203180753905,0.18773030337894034,0.0,0.0005033987296408496,0.002097880351441847,0.0,0.0013281586724448425,0.295093056729631,0.29392432174066113,0.001142051460870374,0.2482934683409463,0.255595978645958,0.005425327736726119,0.0011359888215870806,0.004821393970623102,0.22990004647178267,0.00574391797940457,0.0012516745190915167,0.0022203001639590305,0.00015533365861829072,0.0,0.0011793247409735644,0.0,0.0012439938888944,0.0011112975857012343,0.0011876591712544865,0.0011532801583657227,7.17831249616921e-05,0.0,0.00024729917531163167,0.0031648160586763728,0.0035656778447749403,0.0031857657312911003,0.0008100241633148021,0.002309101022561302,0.19742827370099933,0.000997248890109322,0.0006108005224938831,0.0006456269811298808
0.00045831720712825413,0.0009593877667368739,0.0008471422447106799,9.859987771960625e-05,0.0009573001676806558,0.00012993889533098035,0.0009610107154302572,0.0,0.001044972508312631,0.0014427658930189849,0.00621819973989974,0.006274817536617938,0.00010567290407054803,0.0011977778478305839,0.004559024936786755,0.00045808071069415753,0.0033471714854215635,0.0,0.001832419032549384,0.0010383155565172005,0.007590364357555638,0.007907380657897532,0.0,0.0011900139085184898,0.0030879418853827206,0.007304626180859415,0.0005140644801287449,0.007021147902777197,0.0029837986590980636,0.0013102215780766322,0.004192842138154063,0.0070711495374349365,0.0035034627419951872,0.0034859536509325995,0.0017631833110990478,0.007119273695486549,0.0024994733004060736,0.006723246355849663,0.0013021973838861624,0.001439001592733079,0.007853076074335004,0.0003834428988015849,0.006148046231240266,0.003287915202098595,0.00646461657578561,0.005642954745443626,0.0003817787312587086,0.0002863341720856795,0.23571679808862153,0.0027813453569951606,0.00036523658505018496,0.0036907883496951244,0.007850420589067606,0.0005506331265688069,0.007504876264657951,0.005106815244907825,0.0007552164672627833,0.2674171772848451,0.00037935025841336946,0.002853948527749435,0.0004607972228492421,0.0006286976290228725,0.2871478176754119,0.00040689157365155144,0.0046673919358575814,0.00476635004681079,0.004035456675348862,0.00018516464934874256,0.00035858465388297533,0.0009634246138520914,0.003909794819966832,0.0035824691150773465,0.004035931747986459,0.004052080339635476,0.0009840148362200783,0.0,0.0003940432116013371,0.0016421485843384333,0.0,0.0010396369279273307,0.01031996490665749,0.010270718063373955,0.0008939586037025293,0.005264162347119823,0.005575679060756861,0.004246759952879893,0.0008892129781907726,0.00377402137255112,0.0039013971968386053,0.004496141437214252,0.0009797677632882873,0.0017379746030538967,0.00012158984540029739,0.0,0.0009231348453852526,0.0,0.0009737556301385801,0.0008698855279729176,0.0009296587507536771,0.0009027480419006029,0.1711230333875233,0.0,0.00019357728879387668,0.002477309159635842,0.002791089978501282,0.00249370784281288,0.0006340590549661757,0.0018074848609394493,0.0010961000368705303,0.00078061213166927,0.00047811364105542956,0.0005053745950499309
0.0036437339909226115,0.0076273675999169645,0.006734988222545608,0.000783893164733841,0.007610770676383982,0.0010330460264127417,0.007640270439320838,0.0,0.008307787246252977,0.011470342032927369,0.33910050987035295,0.34073184784407096,0.0008401254556729105,0.00952262710156792,0.2920255773364962,0.003641853786378143,0.26696992478053333,0.0,0.014568179877752852,0.008254862849883639,0.3586992742920612,0.36866095578219293,0.0,0.009460901883454904,0.024549893904843165,0.344307888013703,0.0040869384579900825,0.33941145150178936,0.023721929762027204,0.01041658228280772,0.27500355023290657,0.3434446332123176,0.027853386432786686,0.027714184872682353,0.014017738943589871,0.33892308135789906,0.0198714245994795,0.3333729750399025,0.01035278797470225,0.011440414924168477,0.35946337644379756,0.0030484649107888617,0.3210332089198236,0.02613973072541724,0.3282187330446212,0.30985536575824785,0.003035234371441315,0.0022764267615623546,0.0027868807672275188,0.25540364021349804,0.002903720259631103,0.029342670870574513,0.0624127654352276,0.004377668149049658,0.059665603468276776,0.04060043132534022,0.0060041557887653965,0.003960207051987545,0.0030159274178402492,0.2492786178002562,0.0036634507230025766,0.004998300053443209,0.004513965067261357,0.0032348876159896413,0.31332159756282296,0.3167653887265162,0.032082868432974726,0.0014721042899017225,0.0028508357784851513,0.007659461522687272,0.2920509990899883,0.028481506439239804,0.032086645376739525,0.2952782717813295,0.007823158830918372,0.0,0.0031327399924618495,0.21966188425990943,0.0,0.008265368076060708,0.08204624729482089,0.0816547228352829,0.007107189736991687,0.0418513793058785,0.04432801343736148,0.3042703865627927,0.007069460852462729,0.28955144032211994,0.031017062761584144,0.312210783538846,0.007789393561443847,0.22740689996546637,0.0009666690356491665,0.0,0.0073391480005987565,0.0,0.0077415956311570845,0.006915802891946842,0.007391014645304154,0.0071770679222863355,0.00044671917728481084,0.0,0.0015389868328716477,0.2661332198473954,0.28136774520405555,0.266696727491038,0.00504092470214849,0.2329669261786877,0.008714263614106547,0.006206057537555911,0.0038011204867329624,0.004017851744363762
6.347728288476898e-05,0.0001328759377090142,0.00011732984726469142,1.3656158296189861e-05,0.00013258680364688322,1.7996636147136584e-05,0.00013310071734136294,0.0,0.00014472948971869018,0.0001998241770181544,0.0008612254084825509,0.0008690670165275822,1.4635777842537195e-05,0.00016589314583289306,0.0006314284322956817,6.344452794819903e-05,0.0004635858046335148,0.0,0.00025379143414971575,0.0001438074968157474,0.001051271254993917,0.0010951782544757279,0.0,0.00016481783431425727,0.0004276823072351146,0.001011696299502341,7.119832273068585e-05,0.0009724343416931142,0.00041325839093307243,0.00018146668826689923,0.0005807118352863985,0.0009793596062446194,0.0004852322629196937,0.0004828072404480325,0.00024420223390176564,0.0009860248388536559,0.00034617895921242264,0.0009311747501438108,0.00018035533124903313,0.00019930281855638326,0.0010876570282177458,5.310713405218676e-05,0.0008515090940058611,0.00045537876418054853,0.0008953543282695834,0.0007815535378365949,5.287664557773318e-05,3.965750130776249e-05,4.855009154568671e-05,0.0003852184541192988,5.058554570614181e-05,0.0005111770025161774,0.001087289241482067,7.626310816462946e-05,0.001039431088899897,0.0007072978079362195,0.00010459805694849336,6.899054210530305e-05,5.254030023572112e-05,0.00039527404866521914,6.382076695438576e-05,8.707510131798448e-05,7.863752903486857e-05,5.63547934103216e-05,0.0006464373443513607,0.0006601431182237376,0.000558913828602263,2.5645445216024898e-05,4.966424816403837e-05,0.0001334350441145992,0.0005415095657514512,0.0004961747058736902,0.0005589796265250521,0.0005612162187898688,0.0001362868056229714,0.0,5.457528546302525e-05,0.000227438831895534,0.0,0.0001439905077642611,0.0014293230137385374,0.001422502288368268,0.00012381394870609528,0.0007290905016489275,0.0007722358041759138,0.0005881794937653926,0.00012315667595178944,0.0005227048396887975,0.0005403464885407784,0.0006227190196245776,0.00013569858278138797,0.00024071080860318668,1.6840286361384995e-05,0.0,0.0001278548804407189,0.0,0.0001348658977528766,0.00012047980934970971,0.00012875844631200648,0.00012503129260289816,7.782269412970837e-06,0.0,2.681060219804698e-05,0.00034310920880443487,0.00038656809163307407,0.0003453804389367028,8.781766290191724e-05,0.00025033803235688644,0.0001518106914344282,0.0001081153758457655,6.621910408842562e-05,6.99947670168598e-05
0.0028571705656953972,0.005980867498701103,0.005281123747699825,0.000614676176281528,0.005967853310091923,0.0008100450546138026,0.005990985035560396,0.0,0.006514406717171841,0.008994268987962142,0.31543799619137436,0.31691919181979966,0.0006587697481265049,0.007467002237395487,0.27273016887318463,0.0028556962360392485,0.250445903213043,0.0,0.011423384595627981,0.006472906973257942,0.3322921373623312,0.34137602780793913,0.0,0.007418601482347785,0.01925037185222791,0.3189346780637456,0.0032047016316416404,0.3146432669363044,0.018601138185830108,0.00816798162756292,0.2569694238319231,0.3184275842019042,0.021840747998880965,0.021731595519248872,0.010991765921168678,0.3140433827798257,0.01558183160612454,0.30928064454679444,0.008117958431623825,0.008970802166708102,0.33266477599644007,0.002390400681103445,0.29827636044326206,0.02049701471345743,0.30470920480311836,0.2882865664705767,0.0023800261840390973,0.001785020408817048,0.002185284029531724,0.24016766628605485,0.002276901683135955,0.023008544459927848,0.04893988330910806,0.0034326722568131037,0.04678574408524496,0.03183612130476271,0.00470805421972267,0.0031053274062229613,0.0023648869725380285,0.23421862384751324,0.0028726310978557912,0.003919329958440694,0.0035395471120795974,0.002536580799466616,0.29292376564574235,0.29607856180610803,0.025157222667224133,0.0011543249472160655,0.0022354332380494827,0.006006033389434471,0.27363717407918864,0.022333277365358648,0.02516018429191462,0.27652625220759025,0.006134393783449689,0.0,0.002456483519032199,0.20757775953463575,0.0,0.006481144463451754,0.0643351362587178,0.06402812917084348,0.005572979084623947,0.032817030382679545,0.034759039914686575,0.2848503936826312,0.005543394636741307,0.2714343192869763,0.024321489707399224,0.2920956095118421,0.00610791733529905,0.21484513771806904,0.0007579966930370286,0.0,0.005754865118263886,0.0,0.0060704374205037505,0.005422906422435737,0.005795535444627672,0.005627772846930822,0.0003502870647663954,0.0,0.0012067697287529693,0.2508294281858113,0.264954085427398,0.2513453672578453,0.0039527533345590496,0.2200612988220514,0.0068331380836149595,0.0048663719606016126,0.0029805824460323077,0.0031505284880626906
0.000640903941333051,0.2055666298430307,0.19909586874588403,0.00013788059724270565,0.001338674265253218,0.00018170461168564344,0.0013438630398404192,0.0,0.001461273957743495,0.20926371954580947,0.008695437699729804,0.008774611181549638,0.00014777141171566643,0.0016749546636620617,0.006375272420886086,0.0006405732282496963,0.004680634643342053,0.0,0.21426449181201496,0.0014519649757183855,0.010614252219314994,0.01105756308173933,0.0,0.0016640976868172027,0.26292093420444196,0.010214680218120883,0.0007188600957799987,0.009818268425416013,0.26175754571275844,0.001832194297636171,0.005863207861140272,0.00988818996496727,0.004899190003638398,0.0048747055520475795,0.21801906903400323,0.009955486069256857,0.24447721737123235,0.009401687348848138,0.001820973384254111,0.0020122783478846882,0.010981624362667987,0.000536200826187475,0.008597336080373375,0.269716679407186,0.009040023324868418,0.007891023685931139,0.0005338736791358708,0.00040040543225053804,0.0004901902477488862,0.0038893918312077453,0.0005107413887957797,0.24148093270229315,0.3060461334648157,0.0007699971451164244,0.2984689378761554,0.26372504208847153,0.001056083435010315,0.0006965690455002439,0.0005304777389577778,0.003990919021472432,0.0006443719582990913,0.0008791613801110178,0.000793970693210507,0.0005689911030888073,0.006526811214836473,0.006665192760085849,0.24835471576193544,0.00025893148177164634,0.0005014394275422329,0.0013472385993622293,0.00546739871631979,0.23866402651057686,0.24975303954756992,0.00566636866318617,0.19267511382227875,0.0,0.0005510241453800776,0.00229635606865285,0.0,0.0014538127617747362,0.3036360983141685,0.3024327928145065,0.0012500983676600455,0.2551814414459183,0.2627002904933015,0.005938605728443519,0.0012434621557804333,0.00527753515408885,0.236192349677413,0.0062873370737203975,0.0013700926155862407,0.002430357742868431,0.0001700294248854591,0.0,0.001290897988527238,0.0,0.0013616853383303642,0.0012164349378887965,0.0013000209204147527,0.0012623893868398527,7.857436412870509e-05,0.0,0.0002706955911996644,0.0034642321510455023,0.0039030185644678916,0.0034871638248237784,0.0008866587181223022,0.002527559849944155,0.20263390639635415,0.0010915963530455616,0.0006685869790434711,0.0007067082901961762
0.0,0.0,0.0,0.0,0.0,0.0,0.0,0.0,0.0,0.0,0.0,0.0,0.0,0.0,0.0,0.0,0.0,0.0,0.0,0.0,0.0,0.0,0.0,0.0,0.0,0.0,0.0,0.0,0.0,0.0,0.0,0.0,0.0,0.0,0.0,0.0,0.0,0.0,0.0,0.0,0.0,0.0,0.0,0.0,0.0,0.0,0.0,0.0,0.0,0.0,0.0,0.0,0.0,0.0,0.0,0.0,0.0,0.0,0.0,0.0,0.0,0.0,0.0,0.0,0.0,0.0,0.0,0.0,0.0,0.0,0.0,0.0,0.0,0.0,0.0,0.0,0.0,0.0,0.0,0.0,0.0,0.0,0.0,0.0,0.0,0.0,0.0,0.0,0.0,0.0,0.0,0.0,0.0,0.0,0.0,0.0,0.0,0.0,0.0,0.0,0.0,0.0,0.0,0.0,0.0,0.0,0.0,0.0,0.0,0.0,0.0,0.0
0.0004150655259616649,0.0008688497438203185,0.0007671969018322013,8.929494565974645e-05,0.0008669591527912465,0.00011767648060034228,0.000870319533831584,0.0,0.0009463577998652098,0.0013066111743386883,0.005631384345676389,0.005682659085546787,9.570048609513496e-05,0.001084742804028978,0.004128786905288953,0.0004148513478438032,0.003031296821224545,0.0,0.0016594925036590188,0.0009403290687695902,0.006874056931115571,0.0071611562051408775,0.0,0.0010777115525202232,0.0027965308804929214,0.006615284044666739,0.00046555189398145004,0.006358557788787857,0.0027022157155353697,0.0011865751492034138,0.0037971610061329117,0.006403840737944835,0.0031728387742736403,0.0031569820270732902,0.0015967906004963964,0.00644742338913595,0.002263596443521418,0.006088769396955406,0.0011793082032317476,0.0013032021134224791,0.007111976379055487,0.0003472571528888901,0.005567851267456936,0.0029776325903786414,0.005854546670812822,0.005110425580726664,0.00034575003387670995,0.000259312637381041,0.226528314630246,0.0025188680580329505,0.00033076898034045416,0.0033424863473448083,0.007109571493591765,0.0004986695344110031,0.006796636402952616,0.004624881899805157,0.0006839462174319338,0.25698740872386266,0.00034355073753095393,0.002584619622204911,0.0004173115010496938,0.0005693670409983245,0.27594669230233265,0.0003684929616438991,0.0042269272429560755,0.004316546615155368,0.003654628107777908,0.00016769054570961385,0.0003247447960732333,0.0008725056311512863,0.003540825040194489,0.003244389266569459,0.003655058347513896,0.0036696829864802973,0.0008911527413708344,0.0,0.00035685710754727163,0.001487177996515629,0.0,0.0009415257415342302,0.009346063371103245,0.009301463983186938,0.0008095951717778552,0.004767380057680107,0.00504949874443372,0.003845990562998356,0.0008052973939104335,0.0034178646178347387,0.0035332199060072174,0.004071837760857056,0.0008873064673649402,0.0015739608539783985,0.00011011533572761797,0.0,0.0008360180333053639,0.0,0.0008818617029766016,0.0007877938872443027,0.0008419262736484138,0.0008175551452020477,0.16446348104250996,0.0,0.00017530927911458356,0.002243523946562538,0.0025276930735196666,0.0022583750757632164,0.0005742225058258516,0.001636911385401331,0.0009926603916115984,0.0007069452771226485,0.0004329937580514738,0.00045768207878645793
2.0698159528139587e-05,4.332711217562575e-05,3.825796861068141e-05,4.452889760092217e-06,4.32328336767513e-05,5.868197708139381e-06,4.3400406501998815e-05,0.0,4.719222264225922e-05,6.515705313047311e-05,0.0002808214227886591,0.00028337835098244855,4.772316186771326e-06,5.409309663281192e-05,0.00020589108147530747,2.0687479063071653e-05,0.0001511623135587582,0.0,8.275426029879081e-05,4.6891586645857735e-05,0.0003427900369130742,0.0003571068765504325,0.0,5.3742467740967684e-05,0.00013945519121517499,0.0003298857551786049,2.3215773817711762e-05,0.00031708353319948084,0.00013475195712775884,5.917119152074948e-05,0.00018935382329543054,0.0003193416675106458,0.00015822061578067101,0.00015742988404647112,7.962749135942628e-05,0.0003215150127069806,0.00011287923801135669,0.00030362993895059596,5.880880920375164e-05,6.49870527756584e-05,0.0003546544158611879,1.7316745184098104e-05,0.00027765320546862697,0.00014848622811795953,0.00029194990520271314,0.00025484266293013047,1.724158936461702e-05,1.2931197607269166e-05,1.583082158293711e-05,0.00012560892108470694,1.649452602979874e-05,0.0001666804668435921,0.00035453449093401007,2.4867258130262842e-05,0.00033892929121766415,0.0002306299544853399,3.410648929292502e-05,2.249587854950592e-05,1.7131916593050062e-05,0.00012888776810844577,2.0810160038325398e-05,2.8392745500469603e-05,2.564149010311474e-05,1.8375715707612102e-05,0.0002107850662515021,0.0002152541342578004,0.00018224610539637175,8.362259569538276e-06,1.6194116771041456e-05,4.350942107496872e-05,0.00017657106398652256,0.0001617886391678807,0.0001822675602514099,0.00018299685018621399,4.443930042635252e-05,0.0,1.7795468133978645e-05,7.416141667583946e-05,0.0,4.695126137728262e-05,0.000466062099874475,0.00046383805285488627,4.037225201935295e-05,0.00023773593997360258,0.00025180441162218475,0.00019178881703611197,4.015793383016993e-05,0.00017043937084782384,0.0001761918171669359,0.00020305118656061553,4.4247497474810144e-05,7.848903560759848e-05,5.49114451291575e-06,0.0,4.168988639002053e-05,0.0,4.3975982268525895e-05,3.928508279673842e-05,4.198451384882408e-05,4.076919368149644e-05,2.5375795320829897e-06,0.0,8.742184544162633e-06,0.00011187827860086258,0.0001260489999805853,0.00011261886297162302,2.863487398211254e-05,8.162820294450075e-05,4.950120368401787e-05,3.5253388220203254e-05,2.1592190433242142e-05,2.282332809486951e-05
0.0001830486118580002,0.00038317260666494683,0.00033834254862957053,3.938008537587337e-05,0.0003823388345450846,5.1896664682812065e-05,0.00038382080075589567,0.0,0.00041735453982829024,0.0005762303702450543,0.002483504465774738,0.0025061172085095416,4.220500147118515e-05,0.0004783838986396525,0.0018208419259093897,0.2234734611870736,0.0013368363319722421,0.0,0.0007318550450070294,0.00041469580093215645,0.003031537192009012,0.003158151233139054,0.0,0.0004752830368532633,0.0012333018853016937,0.002917415409571893,0.00020531367365122496,0.00280419621446468,0.0011917078261886448,0.2775945611778419,0.0016745911372994928,0.002824166509431521,0.0013992579411031825,0.0013922649354641751,0.0007042027934542641,0.0028433869536809947,0.000998271744764393,0.002685216469023492,0.27309255750485023,0.28642874013425096,0.0031364623711804727,0.00015314434906825653,0.002455485656580235,0.00131316979657398,0.0025819215861573176,0.0022537557326358835,0.00015247969246386803,0.00011435981872949024,0.00014000326509169437,0.0011108494265047026,0.0001458728776781099,0.0014740744479277545,0.0031354017893728357,0.23663674245301872,0.0029973938596358713,0.0020396254538487353,0.0003016280511285064,0.00019894712548789334,0.00015150977779263081,0.0011398466132050051,0.00018403911238482374,0.22355043299261693,0.0002267660157399358,0.0001625095819559557,0.00186412292963915,0.001903646090804264,0.001611732510032071,7.395343552740719e-05,0.00014321614398494974,0.00038478489450670975,0.0015615440644894966,0.001430812520978639,0.0016119222506429207,0.0016183718825547066,0.0003930084819341242,0.0,0.00015737803812264153,0.0006558623899617482,0.0,0.0004152235472148866,0.004121720112634354,0.004102051275939516,0.2664661527250835,0.002102468760169821,0.0022268863057363984,0.0016961255265532187,0.2672576391877097,0.0015073171214682048,0.0015581901139229,0.0017957267063049484,0.0003913122314060341,0.0006941346159068581,4.8562113903624366e-05,0.0,0.000368693449378246,0.0,0.0003889110284613422,0.00034742605316637675,0.26619232709554996,0.2622390454447896,2.2441628696288996e-05,0.0,0.18773039346240514,0.0009894195455933483,0.0011147413585815141,0.0009959690622712506,0.0002532386479111071,0.0007218965153466963,0.0004377745087596219,0.00031177089770838214,0.0001909551658641517,0.0002018429957535974
0.18971476703689324,0.0004394193932470325,0.00038800862807623394,4.516077851309938e-05,0.00043846322980360404,5.951469523082729e-05,0.00044016273723665136,0.0,0.23757852131374577,0.0006608165491459657,0.002848063787689509,0.002873995906842451,4.840037052720469e-05,0.0005486069693473639,0.0020881274923222667,0.0002098104175708162,0.001533073606118958,0.0,0.0008392857271839735,0.23539045251121307,0.003476543495926996,0.003621743502822496,0.0,0.000545050924940699,0.0014143411003375063,0.003345669515056437,0.00023545213914529517,0.003215830614382019,0.0013666413537997298,0.0006001085179726998,0.0019204082147042424,0.0032387323947928675,0.0016046582265555798,0.0015966387015649724,0.0008075743381444761,0.003260774252178115,0.0011448103459118055,0.003079385558965595,0.0005964332714616195,0.0006590924219421569,0.0035968708830258693,0.0001756247596416219,0.002815932033170536,0.001505933005658296,0.0029609277831093295,0.002584589710578805,0.1937769693159205,0.00013114695905674286,0.00016055466578014053,0.0012739135639994721,0.00016728589227299145,0.0016904572201732605,0.0035956546159799123,0.0002522013337751287,0.0034373881854119167,0.002339026756589394,0.0003459047252014799,0.000228151030761377,0.1933156608301638,0.001307167314304383,0.00021105463619056723,0.0002879564866880856,0.00026005351977737105,0.000186364736564681,0.0021377618139497637,0.0021830866706756655,0.0018483224252356214,8.480923010345155e-05,0.00016423917054194618,0.22711738387638972,0.0017907667025541874,0.0016408447756508353,0.0018485400183063255,0.0018559364064928692,0.00045069909922720104,0.0,0.00018047992163158433,0.0007521379358481804,0.0,0.23393836014862668,0.004726756870204953,0.004704200799817912,0.0004094514865068813,0.0024110949761147935,0.002553776058820573,0.0019451036863930413,0.0004072778921008922,0.0017285796620779515,0.001786920417884252,0.002059325551975056,0.2284725541436167,0.000796028229701361,5.569065808763105e-05,0.0,0.22367197872278716,0.0,0.22943781370903463,0.21883116088137022,0.0004258028904959084,0.00041347723056354806,2.5735886891886798e-05,0.0,8.866239255637739e-05,0.0011346587121024408,0.001278376801720551,0.001142169647369224,0.2086842461921584,0.0008278653620929933,0.0005020364338998265,0.21843882248279203,0.00021898591303731656,0.00023147199247143603
3.3462203032518734e-05,7.004587158884547e-05,6.185071245208526e-05,7.19887683883468e-06,6.989345386945117e-05,9.486970224466657e-06,7.01643647151011e-05,0.0,7.629450016868454e-05,0.00010533779768623099,0.00045399705478448943,0.0004581307774105923,7.715285649432393e-06,8.745097262024549e-05,0.000332859023602803,3.344493618857064e-05,0.00024438037692634754,0.0,0.00013378676766691926,7.580846938238236e-05,0.0005541801819198214,0.0005773258627750677,0.0,8.688411955526607e-05,0.00022545376153066822,0.0005333181485201566,3.753236784116764e-05,0.0005126211126049383,0.00021785015920416074,9.566060313969075e-05,0.0003061236469591017,0.0005162717825445614,0.00025579135970930586,0.00025451300325456523,0.00012873179758890132,0.0005197853760174801,0.00018248907471008987,0.0004908710192373963,9.507474860270689e-05,0.000105062962313517,0.0005733610301820441,2.799555402135627e-05,0.00044887507613368605,0.00024005401572352525,0.0004719881973049937,0.00041199783568786954,2.7874051465192643e-05,2.0905547626096316e-05,2.5593298054333588e-05,0.00020306883876886807,2.6666292632632978e-05,0.0002694681918695507,0.0005731671505157656,4.0202281719088696e-05,0.0005479386097577604,0.00037285374827056696,5.513911842715731e-05,3.636853095054441e-05,2.7696746205547535e-05,0.00020836966972785997,3.3643271489667705e-05,4.5901850031433364e-05,4.1453963417387315e-05,2.9707565498275406e-05,0.00034077100785417767,0.0003479960396638695,0.00029463277507202286,1.3519058404496875e-05,2.6180628407477188e-05,7.034060588133921e-05,0.0002854580758618758,0.0002615596949492227,0.00029466746060598757,0.0002958464856219467,7.18439188502749e-05,0.0,2.876949358460346e-05,0.00011989492972128108,0.0,7.590494404604203e-05,0.000753471079907339,0.0007498755180496687,6.52688221923773e-05,0.0003843418194119219,0.0004070859698771881,0.0003100602411680131,6.49223392719875e-05,0.00027554511908611535,0.00028484495690029877,0.00032826783567146804,7.153383575819989e-05,0.00012689128430754361,8.877397641190354e-06,0.0,6.739900911909229e-05,0.0,7.109488383367019e-05,6.351122257544639e-05,6.787532605113815e-05,6.591054796865484e-05,4.102442122850772e-06,0.0,1.413327372256518e-05,0.0001808708483660651,0.00020378030344495133,0.0001820681328175355,4.6293293164417064e-05,0.00013196629856848145,8.002737276117391e-05,5.69932815816246e-05,3.49075607042101e-05,3.689791053885834e-05
0.0006260678193277841,0.0013105373258277544,0.0011572083473140099,0.00013468883443563503,0.0013076856358444212,0.00017749837793666596,0.0013127542968110488,0.0,0.0014274472992974443,0.001970838716928493,0.008494149228427755,0.008571489943494099,0.00014435068896500884,0.0016361815650106578,0.0062276928643360905,0.000625744761837315,0.004572283824830527,0.0,0.0025031104439460572,0.0014183538085248643,0.010368545599703806,0.010801594371950468,0.0,0.0016255759135559082,0.0042181725065615705,0.009978223188935492,0.000702219386622357,0.009590987831795461,0.004075911379194492,0.0017897812987699988,0.005727481956585547,0.009659290775446961,0.0047857799027896195,0.004761862235528878,0.0024085334643480197,0.009725029059368583,0.0034143160551581672,0.009184050084404484,0.0017788201354522002,0.001965696629233251,0.010727413538934135,0.0005237884499114049,0.008398318538456876,0.004491338899559376,0.008830758128746759,0.007708356389631762,0.0005215151733938309,0.0003911365489416221,0.00047884295862741876,0.003799357290908203,0.0004989183665476207,0.005041669345500708,0.010723786108314546,0.0007521726774358339,0.010251767649702093,0.006975982211365294,0.0010316364287132954,0.0006804443461847138,0.0005181978449694748,0.003898534254119385,0.0006294555560528925,0.0008588098973747501,0.0007755912679746812,0.0005558196730492625,0.006375723725364577,0.006510901911489139,0.0055124911773613864,0.0002529375428881089,0.0004898317340245522,0.00131605171636574,0.005340835296787617,0.004893703731393994,0.005513140133336891,0.005535199339060945,0.0013441782527839822,0.1808025852872138,0.0005382686278657011,0.002243198307239796,0.0,0.0014201588206526998,0.014097218747543746,0.014029946859637795,0.0012211601591313032,0.0071909205894739,0.007616456848112171,0.005801134457873537,0.0012146775672292707,0.005155366837772543,0.00532936402423303,0.006141793110111852,0.0013383766907924671,0.0023740980108489284,0.000166093457060329,0.0,0.0012610153199727147,0.0,0.0013301640314552145,0.0011882759955167935,0.00126992706743492,0.0012331666566404494,7.675546619795588e-05,0.0,0.0002644293279450294,0.0033840395238312324,0.0038126685823928474,0.00340644035813729,0.0008661336814190877,0.0024690500111196534,0.0014972882300197017,0.0010663272672593155,0.0006531100294531939,0.000690348880089139
0.0,0.0,0.0,0.0,0.0,0.0,0.0,0.0,0.0,0.0,0.0,0.0,0.0,0.0,0.0,0.0,0.0,0.0,0.0,0.0,0.0,0.0,0.0,0.0,0.0,0.0,0.0,0.0,0.0,0.0,0.0,0.0,0.0,0.0,0.0,0.0,0.0,0.0,0.0,0.0,0.0,0.0,0.0,0.0,0.0,0.0,0.0,0.0,0.0,0.0,0.0,0.0,0.0,0.0,0.0,0.0,0.0,0.0,0.0,0.0,0.0,0.0,0.0,0.0,0.0,0.0,0.0,0.0,0.0,0.0,0.0,0.0,0.0,0.0,0.0,0.0,0.0,0.0,0.0,0.0,0.0,0.0,0.0,0.0,0.0,0.0,0.0,0.0,0.0,0.0,0.0,0.0,0.0,0.0,0.0,0.0,0.0,0.0,0.0,0.0,0.0,0.0,0.0,0.0,0.0,0.0,0.0,0.0,0.0,0.0,0.0,0.0
0.00018115239473339348,0.00037920328697951865,0.0003348376275696274,3.897214351004739e-05,0.0003783781519804498,5.135906243998347e-05,0.0003798447663692586,0.0,0.0004130311264059107,0.0005702611477271323,0.0024577776184130534,0.0024801561137008364,4.176779604405087e-05,0.00047342827657003334,0.0018019796597273886,0.22205875191207267,0.0013229879235098566,0.0,0.0007242736924090172,0.0004103999296264507,0.003000133224073824,0.003125435658901203,0.0,0.0004703595368913221,0.0012205259995357145,0.0028871936395018006,0.00020318681073791653,0.002775147292275911,0.0011793628170426605,0.2758360421790604,0.0016572438962631868,0.002794910713151136,0.001384762901546586,0.0013778423370854197,0.0006969078930308742,0.0028139320510803907,0.000987930557479664,0.002657400068777921,0.27136253671346694,0.2846141177361492,0.003103971473825124,0.00015155791290634088,0.0024300490585969312,0.0012995665518921158,0.0025551752269450372,0.002230408873178571,0.00015090014153982685,0.00011317515502491101,0.00013855295860713238,0.0010993420368336359,0.000144361767345935,0.001458804377410781,0.0031029218786803505,0.23513859681901883,0.0029663435855685565,0.002018496789314682,0.0002985034588685262,0.0001968862142227804,0.00014994027430238516,0.0011280388390544913,0.0001821326345756817,0.22213496195538,0.00022441692607484462,0.00016082613049959275,0.0018448123116253088,0.0018839260487895561,0.001595036427200375,7.318734520065094e-05,0.00014173255499736934,0.0003807988729857183,0.0015453678883040687,0.0014159906046754107,0.001595224202271077,0.0016016070218626032,0.00038893727152725544,0.0,0.00015574774479292937,0.0006490682521498989,0.0,0.00041092220893771027,0.0040790228412315175,0.004059557755794793,0.26477871621157867,0.0020806890961422263,0.0022038177891023285,0.0016785552088311275,0.26556520238623765,0.0014917026870896572,0.0015420486816147127,0.0017771246109541763,0.0003872585926117894,0.0006869440126452175,4.805905457388417e-05,0.0,0.00036487412059260237,0.0,0.00038488226394555933,0.0003438270352614517,0.2645065656566702,0.2605783407266782,2.220915383507027e-05,0.0,0.1865422653078537,0.0009791700590403986,0.001103193652034089,0.0009856517286827152,0.000250615325855249,0.0007144183240580552,0.000433239563032362,0.0003085412347833922,0.00018897704403155008,0.0001997520859065082
0.00028186420450756073,0.0005900216388993254,0.0005209908578520944,6.063873593600951e-05,0.0005887377694784095,7.991217173918784e-05,0.0005910197492371054,0.0,0.0006426560910365008,0.0008872982606839743,0.0038241809294877597,0.0038590007660218063,6.498863359392426e-05,0.0007366310821515147,0.002803791603612939,0.0002817187596535846,0.002058504052248529,0.0,0.0011269341951403373,0.0006385620784332622,0.004668059541055514,0.004863023958542008,0.0,0.000731856274345889,0.0018990783447618037,0.004492331109699926,0.000316148670622646,0.004317992511663266,0.0018350304600762055,0.0008057837608743018,0.0025785898838527783,0.004348743421202948,0.002154622875675736,0.002143854818209751,0.0010843543590648285,0.004378339686226048,0.0015371712921738434,0.0041347836309135536,0.0008008488968169762,0.0008849832232184105,0.004829626743667895,0.00023581664830344762,0.003781036656036593,0.002022061551506398,0.003975726811562407,0.0034704063597410144,0.00023479318845218158,0.00017609496737851292,0.21395371003876582,0.0017105220670688387,0.00022461980021932717,0.0022698277656013786,0.0048279936253148486,0.000338638318138459,0.004615484527670224,0.0031406815938512687,0.0004644566807993884,0.24269783943092196,0.00023329968230387715,0.0017551728780161432,0.0002833894094256621,0.000386647837620315,0.26059498810521786,0.00025023753842179033,0.0028704371004716735,0.0029312961491601763,0.0024817981256890316,0.00011387590467883017,0.00022052887529282767,0.0005925042921428705,0.002404516325326061,0.0022032116437897785,0.0024820902944511824,0.00249202164738377,0.0006051672394599727,0.0,0.0002423358203710967,0.001009918233941069,0.0,0.0006393747193194929,0.006346758650383727,0.0063164719360934264,0.0005497828289584406,0.0032374497603236746,0.0034290319425207805,0.0026117492366331545,0.0005468642783586423,0.0023210159152304622,0.0023993518031872937,0.0027651183718250373,0.0006025552977419082,0.0010688510519026744,7.477752202387108e-05,0.0,0.0005677261617081531,0.0,0.0005988578473706824,0.0005349779334951146,0.0005717383510136245,0.000555188316614668,0.1553818326273385,0.0,0.00011904966182373292,0.001523540388054097,0.0017165149906299255,0.001533625546797382,0.0003899451043059895,0.0011115997273599847,0.0006740994231682075,0.00048007496576566106,0.0002940389734540129,0.0003108044079440759
3.02052588767618e-05,6.322816470073387e-05,5.583065704047779e-05,6.4981955410291715e-06,6.309058210740504e-05,8.5635841521752e-06,6.33351246504476e-05,0.0,6.886860157499925e-05,9.508505598177506e-05,0.0004098085997424156,0.0004135399787530808,6.964341233683841e-06,7.893919191310028e-05,0.00030046117906876044,3.018967264979013e-05,0.0002205943387017139,0.0,0.00012076502995745243,6.842987715186222e-05,0.000500240699722967,0.0005211335644704616,0.0,7.842751180775426e-05,0.00020350988920710532,0.0004814092103879656,3.387926628138043e-05,0.00046272665899727364,0.00019664636093178798,8.634976242698504e-05,0.0002763280109116624,0.0004660220018201224,0.00023089466736395326,0.00022974073593825782,0.00011620207037967344,0.00046919361010706265,0.00016472704258121534,0.0004430935463739982,8.582093030148135e-05,9.48369708938551e-05,0.0005175546370830771,2.527068991218734e-05,0.0004051851536722804,0.00021668907101809377,0.0004260486278359765,0.0003718972499068288,2.5161013446488292e-05,1.887076823343217e-05,2.3102250395469004e-05,0.00018330373642333882,2.4070808233080548e-05,0.00024324030568348507,0.0005173796281183299,3.62893120211332e-05,0.0004946066324510111,0.00033656313598775454,4.9772316087801526e-05,3.282870799813059e-05,2.5000965667727664e-05,0.00018808862674340248,3.0368703573373232e-05,4.143412977843556e-05,3.741916499858581e-05,2.6816067836350793e-05,0.000307603073830124,0.00031412487862559734,0.0002659555689139966,1.2203221003741358e-05,2.3632414692949417e-05,6.349421190617285e-05,0.00025767386180434787,0.00023610155882415726,0.00026598687843452224,0.00026705114655203426,6.48512043718323e-05,0.0,2.5969300366499968e-05,0.00010822531280212208,0.0,6.85169617406461e-05,0.0006801342100111382,0.0006768886114887458,5.891607522033788e-05,0.00034693304984196373,0.0003674634659675179,0.0002798814484141895,5.8603316186015475e-05,0.00024872575323674965,0.00025712041895604873,0.0002963168607797622,6.45713022966363e-05,0.00011454069799258038,8.01334250597683e-06,0.0,6.083892672879327e-05,0.0,6.417507445407652e-05,5.7329546342382535e-05,6.126888276682963e-05,5.949534052398558e-05,3.703143102300176e-06,0.0,1.275765349792879e-05,0.00016326632149256013,0.00018394595279809097,0.00016434707181765498,4.178747295658235e-05,0.00011912175081226223,7.223814609962412e-05,5.1446009778142565e-05,3.150993695191796e-05,3.3306561996373215e-05
0.0013667096629352317,0.00286091054603196,0.002526192501000152,0.0002940265029279339,0.00285468529033985,0.0003874799834654355,0.002865750206483712,0.0,0.0031161256928607596,0.004302352293726186,0.253425137376254,0.25455179174504794,0.00031511838712883076,0.0035717937996199373,0.2210015951580732,0.0013660044265690152,0.2048831824752066,0.0,0.00546430454580522,0.003096274550021248,0.2645632566696948,0.2715426095836951,0.0,0.003548641601283833,0.009208294926954375,0.25388358624637025,0.0015329489738471124,0.25089533036273814,0.00889773806485371,0.003907102904915547,0.20846750968949215,0.2539925093381777,0.010447385148859274,0.010395172743188555,0.005257842453492838,0.2501593492905199,0.0074534716540931795,0.24703099132386824,0.003883174622130572,0.004291127086609979,0.2642726432913998,0.0011434332091951594,0.23901782155884865,0.009804618739445044,0.24374759508103797,0.23170392674467402,0.0011384706334371087,0.0008538533437793167,0.0010453169423198705,0.19746473404499465,0.00108914167367464,0.01100599327916034,0.02341008696664959,0.0016419972959977338,0.022379667947249906,0.015228609429205514,0.002252068277958016,0.0014854139348973612,0.0011312288863408184,0.1922465437947163,0.0013741051117584237,0.0018747869625797844,0.001693120214304142,0.0012133575541729109,0.2378946111089635,0.24034424878915367,0.01203380005545458,0.000552164115950643,0.0010693055024333941,0.0028729484924026206,0.22327157096074882,0.010682983489583664,0.012035216730094545,0.22539552385405112,0.002934348883735599,0.0,0.0011750435212415562,0.17242946624587369,0.0,0.0031002149019139194,0.0307743098878117,0.03062745496825414,0.0026657996752943946,0.0156978211491308,0.016626769257715397,0.23201253168669614,0.0026516481397580592,0.22171514304028653,0.011634032423259277,0.23758720145533133,0.0029216840404244788,0.1783777232112293,0.000362582975369032,0.0,0.0027528037214347633,0.0,0.002903755757691995,0.0025940133563333765,0.002772258117578798,0.0026920099286522133,0.00016755762570336185,0.0,0.000577250749054596,0.20721849452971006,0.218484689513013,0.20761861452047403,0.001890774825417701,0.1826453957990832,0.0032685888477135164,0.002327798578721725,0.0014257429637127826,0.0015070355895746162
0.0005141088442636138,0.1953901613637928,0.1892568623308801,0.0001106025878813997,0.001073833744762591,0.00014575655084406871,0.0010779959830234795,0.0,0.0011721785701698938,0.19880690666720302,0.00697515046775358,0.007038660433303273,0.00011853662427840361,0.0013435851315537004,0.005114001841446335,0.0005138435587658951,0.003754627662148099,0.0,0.20348363558887891,0.0011647112577045566,0.008514350730695244,0.008869957898060206,0.0,0.001334876076330389,0.2495166381129128,0.008193829219613993,0.0005766423159451824,0.00787584270797533,0.24843145297107122,0.0014697168047756238,0.004703243064629151,0.007931931116189919,0.003929944486469486,0.003910303987639656,0.2070704587240495,0.007985913499771152,0.2320908619981297,0.007541677161464659,0.0014607158134594608,0.0016141734026723499,0.008809042736553436,0.00043011997472049515,0.006896457067861516,0.2559408330812052,0.00725156399256573,0.006329880042230367,0.0004282532255807673,0.0003211900578783056,0.00039321203301590364,0.00311992267526322,0.00040969737924414037,0.2289912526240072,0.28955461206232147,0.0006176625182530653,0.2824172842860185,0.24986020225755012,0.0008471500941152054,0.0005587612804924899,0.0004255291311142603,0.0032013639382701903,0.0005168907559968902,0.0007052299290124065,0.0006368931896668055,0.0004564230917301431,0.005235560516927241,0.00534656494630802,0.23545948741340259,0.00020770501825937386,0.00040223569857558467,0.0010807037289001723,0.004385739974276205,0.226333666980583,0.2367898512909617,0.004545346122451706,0.18311912932607066,0.0,0.00044201067940614376,0.0018420497805292106,0.0,0.0011661934816270699,0.28674592014198985,0.2856112933566347,0.0010027815177369285,0.24169837046345488,0.24878728787992777,0.004763724375351921,0.0009974582001542347,0.0042334386226207665,0.22391535177883354,0.005043463439689528,0.0010990363542906013,0.001949540843413097,0.00013639115861396317,0.0,0.0010355094268316952,0.0,0.0010922923552063825,0.0009757779905973556,0.001042827496930048,0.0010126409073549876,6.302937605116853e-05,0.0,0.00021714174085035902,0.0027788756981747885,0.0031308535240779276,0.002797270617511153,0.0007112440093315538,0.002027512688655222,0.19257121898119048,0.000875637210623733,0.0005363151276161673,0.0005668945981960593
0.0005025045649045855,0.0010518844258971625,0.000928817069204014,0.00010810610616954432,0.0010495955568799746,0.00014246658656262234,0.0010536638466004378,0.0,0.0011457205783677864,0.0015818660876238922,0.006817709887802065,0.006879786329321685,0.00011586105835933641,0.0013132582126859306,0.004998570436846149,0.0005022452673354153,0.0036698795611051984,0.0,0.002009086532979409,0.001138421815385454,0.00832216787770182,0.008669748408376478,0.0,0.001304745735115177,0.003385657072069442,0.008008881062534997,0.0005636265536233933,0.007698072027717889,0.0032714731710550365,0.0014365428872840792,0.004597083158950923,0.007752894428617125,0.0038412391973165908,0.003822042016740697,0.0019331756451878433,0.007805658341311246,0.002740452952183633,0.007371449145367033,0.001427745063096641,0.0015777388629683062,0.00861020820191904,0.0004204114618243514,0.006740792726942349,0.0036049102507543047,0.007087884306253136,0.006187004273531252,0.0004185868482727435,0.00031394027176676563,0.0003843365928647355,0.0030495009062034423,0.00040044983780528336,0.004046625273878195,0.008607296695547141,0.000603720862723533,0.00822843769201832,0.0055991743988184845,0.0008280285278149397,0.0005461491224520448,0.00041592424108377054,0.0031291039064031724,0.0005052236843298417,0.0006893117334786779,0.0006225174663599206,0.00044612087436616383,0.0051173853337585,0.005225884211206072,0.004424523821707661,0.00020301677552041428,0.0003931565795008476,0.0010563104742140684,0.004286746633808672,0.003927862746493593,0.004425044697130491,0.004442750209588246,0.0010788858446592333,0.16863473223141418,0.00043203377381361395,0.001800471697434539,0.0,0.0011398705830843263,0.011314935146651226,0.011260940308202596,0.0009801470950894107,0.0057716916770404044,0.006113242393906422,0.0046561993073477425,0.000974943933510714,0.004137882973317443,0.0042775393775881946,0.004929624202445842,0.0010742293021979974,0.0019055365108262778,0.00013331258658720696,0.0,0.0010121362816272515,0.0,0.0010676375262280923,0.0009537530818224409,0.0010192891708874655,0.0009897839421219572,6.160669971388313e-05,0.0,0.00021224049581353727,0.002716151918443234,0.0030601850278422,0.002734131634296625,0.000695190066146545,0.001981748403707295,0.001201777423044457,0.0008558726434068581,0.0005242096160406075,0.000554098857842645
0.0012171134046679302,0.0025477631932835474,0.002249682459356839,0.00026184317543541207,0.0025422193368553427,0.00034506749656209814,0.0025520731178927123,0.0,0.0027750431962744572,0.003831428715482869,0.016513135746650538,0.016663490737160846,0.0002806264003490944,0.0031808351328187264,0.012107008588105985,0.0012164853615230986,0.008888794091226053,0.0,0.004866196888960327,0.00275736490460565,0.020157074755671175,0.02099894755172435,0.0,0.003160217110054562,0.00820038044193077,0.019398264569901673,0.0013651566205613987,0.018645455801607928,0.007923816274701168,0.003479442231188115,0.011134568570923853,0.01877824082222404,0.009303843276483719,0.009257345896275465,0.004682333566029318,0.018906039990446384,0.006637635269239455,0.01785434440452842,0.003458133072031569,0.0038214321884794894,0.020854735561511295,0.001018276173788822,0.01632683513553244,0.008731432299825972,0.017167523645310906,0.014985507320679731,0.0010138567878427006,0.0007603929192264667,0.0009308994420157985,0.007386178533904383,0.0009699272395315532,0.009801307706409336,0.020847683618741997,0.0014622688150863284,0.01993005141422338,0.013561727975883085,0.0020055631153169224,0.0013228246354542615,0.0010074077023469708,0.0075789845009770805,0.0012236993681248004,0.0016695779688510656,0.0015077959602027536,0.0010805467934332802,0.01239478946375578,0.012657583968235436,0.010716613596725225,0.0004917257595565804,0.0009522622807112886,0.0025584834993512876,0.010382904265584811,0.009513653674690264,0.010717875206078779,0.010760759625552539,0.0026131631737326974,0.0,0.0010464265085386164,0.0043609121005475735,0.0,0.0027608739564823873,0.02740583907442196,0.027275058488038264,0.0023740086186205475,0.013979581079169013,0.014806849098018762,0.011277753452557252,0.002361406071009288,0.010022342453203641,0.010360603423465535,0.011940014311932746,0.0026018845891290898,0.0046153889783094705,0.0003228956460864243,0.0,0.002451489442594797,0.0,0.002585918686620199,0.002310079831513286,0.0024688144143636885,0.0023973499701648326,0.00014921723159541157,0.0,0.0005140664792111355,0.006578775875756444,0.007412056483224309,0.006622324441691236,0.0016838158444582594,0.004799981363929317,0.0029108181560349097,0.002073004186891033,0.0012696850836767994,0.001342079643633739
0.0014619425419530705,0.0030602599435667543,0.0027022186105301314,0.000314514387912399,0.0030536009095541564,0.00041447974456169294,0.003065436833505344,0.0,0.0033332585844767088,0.004602141932002832,0.01983484493432306,0.020015444668233608,0.0003370759630877845,0.0038206778281892075,0.014542400767964937,0.0014611881644332023,0.010676824508534515,0.0,0.005845059484355734,0.003312024206019808,0.02421178256161263,0.02522300275748167,0.0,0.0037959123753609956,0.009849932621134327,0.023300333482513553,0.001639765474912431,0.022396093039426666,0.009517736031973364,0.004179351406806543,0.013374349027540615,0.02255558850618291,0.011175363148076234,0.01111951256097802,0.005624211030409871,0.02270909518857908,0.007972832556812413,0.02144584518053465,0.004153755791652914,0.004590134547939873,0.0250497817225776,0.0012231080951123315,0.01961106891810236,0.010487808516726841,0.02062086660191934,0.0179999255458271,0.001217799725079461,0.0009133501882023494,0.001118155047297813,0.008871949466468554,0.0011650335035601348,0.011772895317574545,0.025041311242260562,0.0017564123280108498,0.02393909221114409,0.01628974505933399,0.0024089933013708726,0.0015889181753295858,0.0012100533701327972,0.009103539427210865,0.0014698533086247873,0.0020054228721907066,0.0018110975118270064,0.0012979047965724145,0.01488807036889068,0.01520372745098082,0.012872320083435291,0.0005906391336361009,0.0011438151399284894,0.0030731366988823064,0.01247148326250325,0.01142737807594235,0.012873835472533974,0.01292534633173181,0.003138815494179228,0.0,0.00125692102641611,0.005238133847722964,0.0,0.00331623912321721,0.03291867617853451,0.03276158834911564,0.0028515536688806203,0.016791651640625384,0.01778532922704852,0.013546336345256087,0.002836416048656222,0.012038392434235235,0.012444696481838019,0.014341814663445829,0.0031252681594922606,0.005543800166175031,0.0003878479029273024,0.0,0.0029446201919499622,0.0,0.0031060906268080397,0.0027747652503412124,0.0029654301782420685,0.0028795902632344425,0.00017923310845575143,0.0,0.0006174738134248361,0.007902133268647197,0.008903032909362382,0.007954441871064153,0.002022524775741652,0.005765524337828445,0.003496345433281836,0.002490000519951292,0.0015250893068725943,0.0016120464356012005
0.0029859275515812973,0.006250392350091369,0.0055191149912078175,0.0006423762557601987,0.006236791683475178,0.0008465493364778666,0.006260965828771656,0.0,0.006807975250954412,0.00939959129494705,0.3192154388722202,0.32072082064032875,0.0006884568827274238,0.007803499019643534,0.27580396620046427,0.002984386781984528,0.2530711478679487,0.0,0.01193817380240763,0.006764605341497878,0.3365159826978736,0.34574109731829455,0.0,0.007752917108381577,0.02011788038904234,0.3229932910688131,0.0033491199340377306,0.31860371584575214,0.019439389326875202,0.00853606770116435,0.25984143172905216,0.3224275661186498,0.022824990562343397,0.02271091917991699,0.011487104444729515,0.31802250647760694,0.016284019181579273,0.313131675529549,0.00848379023451044,0.009375066952938292,0.33695314119695396,0.0024981229117794334,0.30191135311609285,0.021420702597495754,0.3084658604445117,0.29172945457023236,0.002487280893108876,0.0018654614753545525,0.002283762779216945,0.24258440576674928,0.0023795091373072343,0.024045413196380424,0.05114533507322243,0.0035873639432766435,0.04889412062501906,0.033270800448778566,0.004920220366888387,0.003245267458040216,0.0024714594404896283,0.2366087775844782,0.003002084805017301,0.004095952634804546,0.0036990550613159386,0.0026508905652596424,0.2961712520036238,0.2993724747198217,0.026290920529992035,0.0012063440330630695,0.0023361719371443887,0.006276692329309642,0.27656494087846745,0.02333971552240914,0.026294015618842165,0.2795086852483896,0.006410837221331022,0.0,0.002567183740288328,0.20948739961557458,0.0,0.006773214050134633,0.0672343675229231,0.06691352531167363,0.005824122645304828,0.034295913711708745,0.036325438947855074,0.2879397036464121,0.0057932049888331704,0.2743139876362316,0.02541752567549255,0.2952967429292332,0.006383167625070234,0.21683065044583502,0.0007921554410931405,0.0,0.006014205283567325,0.0,0.006343998696353877,0.005667287032427139,0.006056708398179906,0.005881385661552886,0.0003660725790075317,0.0,0.0012611522128784006,0.25325291174085507,0.26755502698547273,0.25377649402047686,0.0041308822189242,0.22210144109430924,0.007141070089618346,0.005085672618871633,0.0031149009275900008,0.00329250550439524
0.0011072800199998874,0.2280425292559682,0.22079286839657156,0.00023821421686836224,0.0023128072268050466,0.0003139283020211557,0.002321771793970511,0.0,0.002524620856270729,0.23254954503356254,0.015022975845706612,0.015159762669564468,0.00025530242703704326,0.0028937937713740033,0.011014461479236081,0.0011067086520211082,0.008086661490506712,0.0,0.23841591222520347,0.0025085378691985906,0.018338082591973687,0.01910398404608303,0.0,0.0028750363371274463,0.2932873951709702,0.017647748105102924,0.001241963685816625,0.0169628734625138,0.2919108886997323,0.0031654543024194014,0.010129775304928524,0.017083675846021853,0.008464256272053326,0.008421954856351653,0.2425054891632337,0.017199942304843584,0.2723898442737789,0.01624315265406592,0.0031460681005366976,0.003476582785021787,0.018972785872769897,0.0009263860358073371,0.014853487165675923,0.3009726082103442,0.015618311204546105,0.01363320195317206,0.0009223654591379484,0.0006917743930678112,0.0008468942571989546,0.006719643283343651,0.0008824001519233547,0.2701150123660218,0.34509768528770624,0.001330312390451207,0.3364220546559472,0.2959333210061076,0.0018245793349429464,0.0012034517762966948,0.0009164983447923947,0.006895050270283051,0.0011132716603189183,0.0015189137837530958,0.0013717311259295224,0.0009830372999384174,0.011276272755426931,0.011515352452569435,0.2780124167837095,0.0004473519943072374,0.000866329294531774,0.0023276036969652816,0.009445941847949965,0.2669072806507767,0.27955836157753966,0.009789699207730486,0.2138153029169811,0.0,0.000951996059577686,0.003967379555095373,0.0,0.0025117302611460885,0.3445833518375434,0.3432105062694412,0.0021597759918051845,0.28662724916116283,0.295208774262625,0.01026003905684404,0.002148310709180308,0.009117917450803878,0.26445298515650467,0.010862536913495709,0.0023670882342096094,0.004198892215474444,0.00029375725884310696,0.0,0.0022302648780427184,0.0,0.0023525631087927346,0.0021016161947022935,0.002246026429113623,0.0021810109992462814,0.00013575173730863164,0.0,0.0004676766677608643,0.005985101351562093,0.006743185983744969,0.006024720056585232,0.0015318668209365052,0.0043668268217790535,0.2249200556909969,0.0018859344648716725,0.0011551075844331703,0.001220969195594107
0.005215891090453787,0.010918337838912717,0.009640924708499912,0.0011221185146854215,0.010894579862671781,0.0014787730329981015,0.01093680784941729,0.0,0.01189233725268307,0.016419435382233998,0.39306335838099193,0.3950219830557927,0.0012026132780341126,0.013631342458181322,0.3364797139823716,0.005213199636534225,0.3055297676317638,0.0,0.020853893236388317,0.011816577636811496,0.4183479904916691,0.4302354434479031,0.0,0.013542984741615284,0.035142404250381204,0.4016110746219453,0.005850324404407426,0.39544450781104884,0.03395719951082348,0.014911011302479439,0.3166119000260589,0.40005879087413865,0.03987125034255115,0.03967198766889435,0.02006595427831011,0.39514983218933236,0.028445321964023322,0.38797068473044055,0.014819691748390712,0.01637659566332824,0.4198640515148439,0.004363782045384317,0.37278283860660494,0.03741820586717486,0.3815802506760901,0.359065513637769,0.0043448429426735545,0.003258633614112209,0.00398933253639035,0.29122630069892075,0.004156584610487747,0.04200311437257112,0.08934191902459863,0.006266494851840129,0.08540944270685735,0.0581182458834769,0.008594760968373642,0.0056689123657964625,0.00431720564326518,0.28459527477616586,0.005244114974920918,0.007154909985503065,0.006461599621597679,0.004630640309334817,0.3604495475612621,0.3645321278360793,0.04592562136331538,0.00210727118638345,0.004080882132008358,0.010964279284213712,0.3348624402568222,0.04077038445979361,0.04593102794002517,0.3388139288023998,0.011198606854135373,0.0,0.0044844191854007025,0.24857054597603656,0.0,0.011831615539072386,0.11744663340856747,0.11688617840683396,0.010173719519506736,0.0599089387393675,0.06345416293325683,0.34931250822443594,0.01011971180292874,0.33173715331105974,0.04439995392452586,0.3587795357210887,0.011150272928371946,0.2574309745673299,0.0013837564495709452,0.0,0.010505760509194597,0.0,0.011081851688142574,0.009899755244840597,0.010580005986686796,0.010273747953251746,0.0006394645115530823,0.0,0.0022030114519606845,0.3023940212773326,0.3201401394088505,0.303062576552682,0.007215925835169774,0.26379355882951383,0.012474195442893769,0.008883776998437025,0.005441184930042526,0.005751428937567645
0.004742607034729407,0.009927620217598273,0.008766118109235728,0.0010202987503491366,0.009906018013239096,0.0013445908412276263,0.009944414280248627,0.0,0.010813240026651396,0.01492955439437541,0.37562927298226423,0.3774845221092718,0.0010934895099520502,0.012394449867501349,0.32204723359693405,0.004740159800293103,0.2929350147677846,0.0,0.018961634560469065,0.010744354752601392,0.399166554188278,0.4104437246559358,0.0,0.012314109630159036,0.031953622252619225,0.383185489581706,0.0053194725876413735,0.3774121324140578,0.030875961650060128,0.013558003008823602,0.30309404217220387,0.3818365560002515,0.03625337820111368,0.03607219639699715,0.018245192291887518,0.37706435381162196,0.025864225635122137,0.3703854731590953,0.013474969687744066,0.014890601903089662,0.4004616816444361,0.00396781740024119,0.35608689837334484,0.03402292020579316,0.3643799011380392,0.3431634623831369,0.003950596810280654,0.0029629488871382335,0.0036273450160006562,0.2794845652663254,0.003779420826141548,0.038191799301271215,0.08123513438341808,0.005697880199574295,0.07765948651711956,0.05284466201328039,0.007814882083145696,0.005154521672144764,0.003925467288148766,0.2730333792956301,0.004768269915855546,0.00650568154925764,0.005875281383286686,0.0042104612472731295,0.3451282575888659,0.34900762908313615,0.04175838244602405,0.0019160597833255855,0.0037105875049014045,0.009969392988135777,0.320903186899031,0.03707092590593518,0.04176329843608079,0.3246280524735977,0.01018245793950631,0.0,0.004077508062674401,0.23901974787836472,0.0,0.010758028132626636,0.10678965878489959,0.10628005883586399,0.009250567721953472,0.05447286942561106,0.05769640398759703,0.3346425655573773,0.009201460604467594,0.31797209940019994,0.04037115234432512,0.343625558354563,0.010138509779476423,0.24751572595682567,0.001258195955068609,0.0,0.009552479687944156,0.0,0.010076297005166268,0.009001462655577724,0.009619988214818078,0.009341519688803453,0.0005814402253340764,0.0,0.002003112685535235,0.2904664212241045,0.307404150397734,0.2911015748596448,0.0065611608897655225,0.2536161522632712,0.011342301063059675,0.008077673125665128,0.004947457966235682,0.005229550783561605
0.004224900004152444,0.008843912723826999,0.007809201176673909,0.0009089220681832743,0.008824668634527914,0.0011978141577167496,0.008858873532268776,0.0,0.009632857518861972,0.013299831497928363,0.3563753567658696,0.358116779323381,0.000974123262017356,0.011041461144305294,0.3060981156261974,0.004222719911915326,0.2790058818776959,0.0,0.016891766352687843,0.009571491820104154,0.3779957754371262,0.38860066893312256,0.0,0.01096989091582219,0.02846553758284954,0.3628491826967241,0.004738794421093573,0.35750761593591907,0.027505515331188005,0.012077999831910154,0.28815433076541325,0.36172205711540595,0.032295928503206534,0.03213452465942213,0.016253531533454522,0.3571025533999202,0.023040864695942895,0.35097241611735047,0.012004030499008481,0.01326513109382788,0.37905007108745514,0.003534687067260172,0.3376514994783815,0.030308949205810617,0.3453897917602961,0.32560100371589035,0.003519346291593327,0.0026395108584593156,0.0032313809389940117,0.2664929911264719,0.0033668560239400696,0.03402274990209817,0.07236743779962145,0.005075894735228696,0.06918211070535704,0.04707609361779671,0.006961802886841311,0.00459184968827821,0.003496959929539313,0.2602427696953764,0.004247761503277803,0.005795515800317892,0.005233930654358116,0.0037508437049123783,0.32819396396013867,0.33184937052674324,0.0372000017875553,0.0017069010624850283,0.0033055366067790597,0.008881125543089693,0.3054684286133245,0.033024232002990865,0.03720438114394284,0.30894407266414764,0.009070932142569306,0.0,0.0036324038033877714,0.22844165476805942,0.0,0.009583672602298926,0.09513240851284287,0.09467843692906404,0.008240767856307028,0.04852656451971687,0.05139821529841082,0.31842436979149114,0.008197021313666933,0.3027506677237881,0.03596420290742258,0.3268741227295048,0.00903178140118739,0.23653455206814808,0.001120850211047951,0.0,0.008509722854481464,0.0,0.008976359826404458,0.008018855311527674,0.008569862092959658,0.0083217914288502,0.0005179697142182678,0.0,0.001784451195610915,0.2772632110098068,0.2933086065994125,0.27786155358090525,0.005844938968677761,0.24234504272885346,0.010104165801110529,0.007195907434930848,0.0044073892331848614,0.004658688557873622
0.00016318242020495614,0.00034158703896827714,0.00030162236896129373,3.5106180671273744e-05,0.00034084375579864504,4.6264340699157406e-05,0.0003421648848172564,0.0,0.00037205922077977006,0.0005136923217157752,0.0022139707326998023,0.0022341293236308266,3.7624509767735346e-05,0.0004264650880153021,0.0016232266897005772,0.00016309821638304958,0.0011917500266998744,0.0,0.0006524271136024714,0.0003696890337384136,0.0027025256892804278,0.00281539835984489,0.0,0.0004237007615017714,0.0010994521315626671,0.002600789497636214,0.0001830310638660718,0.002499857935884823,0.0010623722588265618,0.0004665003294442555,0.0014928484399012296,0.002517660862833125,0.0012473970438920971,0.001241162986320738,0.0006277759497029221,0.0025347953200584917,0.0008899297169172075,0.002393791013992381,0.0004636433399884158,0.0005123520542733171,0.002796063381283904,0.00013652365493520947,0.0021889927935108025,0.001170652010796041,0.002301706682896958,0.0020091565364484558,0.00013593113324270162,0.00010194839395425154,0.00012480876747637706,0.0009902893884873914,0.0001300413533878167,0.00131409374555507,0.0027951179039899824,0.00019605121701960325,0.002672087918931022,0.0018182657300283816,0.0002688924809931725,0.00017735547459446448,0.00013506648301761515,0.0010161395222680351,0.00016406542211106582,0.0002238458410145636,0.00020215519196279888,0.00014487248289345335,0.0016618104236378827,0.0016970441521409817,0.0014368118339737482,6.592729914387527e-05,0.0001276729539255676,0.00034302434586405396,0.0013920703200839008,0.0012755270180031383,0.0014369809821130068,0.0014427306380875235,0.0003503554306810944,0.0,0.00014029786343248952,0.0005846819106084753,0.0,0.00037015950393098126,0.00367439149939515,0.0036568573135747754,0.0003182911883873472,0.0018742886777856223,0.0019852032375598555,0.001512045710617407,0.0003166015231416386,0.0013437286052098477,0.0013890803724128991,0.0016008372147002922,0.0003488432735353063,0.0006188004673839772,4.3291687364499563e-05,0.0,0.0003286792987533173,0.0,0.00034670267217296405,0.00030972004443237893,0.00033100211502695926,0.0003214206405988199,2.0006047829755125e-05,0.0,6.892259332794135e-05,0.0008820382433342886,0.0009937589307533556,0.0008878769436217392,0.00022575476009412376,0.0006435493791298567,0.00039026301875945467,0.0002779345285447576,0.00017023087910944575,0.00017993705723396436
0.004936459101736586,0.010333407516767467,0.009124429498448557,0.001062003032460569,0.010310922331394622,0.0013995504261019747,0.01035088802966225,0.0,0.011255226662875137,0.01553979364836641,0.3830194649780423,0.38491807254909227,0.0011381854335659205,0.012901067790647291,0.3281788289187177,0.004933911837622415,0.29830062027717,0.0,0.019736683394678756,0.011183525732233062,0.4072799235059323,0.4188134655134723,0.0,0.012817443679908214,0.03325971311713255,0.39097883624660407,0.0055369037913972465,0.3850421494650645,0.03213800359088898,0.014112180677035143,0.3088388696682431,0.3895474674640972,0.03773521978082191,0.037546632246697624,0.01899095684982491,0.38471502920109246,0.026921414975118636,0.3778291770577223,0.014025753403894241,0.015499248990389323,0.4086644026725144,0.004130000266945365,0.36315967970008073,0.03541359275344807,0.371663302488057,0.3499049091906601,0.004112075792616065,0.0030840581761858643,0.0037756112172588935,0.28449469915998465,0.003933903062150652,0.03975287302782279,0.08455558632019336,0.005930778655246108,0.08083378535187818,0.05500466533772926,0.008134312100041787,0.005365210576635787,0.004085919111840735,0.27796408258670435,0.004963170942330635,0.006771598545200779,0.006115431037697996,0.004382562079127963,0.3516414922250738,0.3556063833615592,0.04346523875791324,0.001994377920752331,0.003862256207867678,0.010376887731724046,0.32684541907027825,0.038586184404080064,0.04347035568699505,0.3306649115273695,0.01059866162333093,0.0,0.004244174489051209,0.2431095238308102,0.0,0.01119775800591352,0.11115464115405876,0.11062421152152965,0.009628680785245229,0.05669942504294132,0.06005472022378819,0.3408841019883067,0.009577566434994819,0.3238335669477357,0.04202130620950943,0.3500704793503418,0.010552917100751801,0.25176078888207043,0.0013096241853234136,0.0,0.009942933275810877,0.0,0.010488161405468866,0.009369393654096819,0.010013201185315342,0.009723350375470521,0.0006052063498931525,0.0,0.0020849890737107218,0.2955640015652324,0.31284380620404095,0.29621320904762993,0.0068293455804079835,0.2579729032458294,0.011805912846534644,0.008407844615850134,0.005149683228873457,0.005443306471411939
0.000760812375347363,0.20436462674266392,0.19790942007325904,0.0001636770472722419,0.0015891304170252017,0.00021570021388944068,0.0015952899733397091,0.0,0.001734667614169559,0.2081666869140195,0.010322290415715502,0.010416276676187828,0.0001754183607015861,0.0019883264153584958,0.007568039204022204,0.0007604197882679605,0.005556347108316,0.0,0.2132377007770807,0.0017236169897782373,0.012600101080228153,0.013126352158598541,0.0,0.001975438177652783,0.26188893665135554,0.012125772083719753,0.0008533535554099572,0.011655194547566368,0.26070554247407307,0.00217498443336626,0.00696017111505228,0.01173819789512464,0.0058157925760191735,0.005786727262838007,0.21694676239511168,0.011818084607710144,0.2434166274554196,0.011160674202241067,0.0021616641692623825,0.0023887608906412354,0.013036205861296436,0.0006365200741103223,0.010205834701786291,0.2686906400811505,0.010731345487879629,0.009367376430746215,0.0006337575348873132,0.0004753183564121885,0.000581901253386332,0.004617068560388327,0.0006062973624248636,0.2407651939860997,0.3060006902996461,0.0009140579721950679,0.2983835625912813,0.2632356025626112,0.0012536689118871633,0.0008268920128626406,0.0006297262391707376,0.004737590744456908,0.000764929232891085,0.0010436460361356122,0.0009425167955766591,0.0006754451716931384,0.007747929796585684,0.007912201515568144,0.24768367585283466,0.00030737566582778573,0.0005952550723400496,0.0015992970753284604,0.0064903089777892005,0.23793891232947176,0.24907217996483896,0.0067265047446357674,0.19157151848102938,0.0,0.0006541167277710862,0.0027259874726331475,0.0,0.0017258104830741934,0.30427847267455366,0.30307035406837823,0.0014839826176432558,0.2547955191204314,0.26234547429980937,0.007049675371181201,0.0014761048191186674,0.0062649233334563185,0.23557143424992563,0.007463651797361903,0.0016264269106255442,0.0028850598787856637,0.00020184068513760144,0.0,0.001532415548794649,0.0,0.0016164466933624969,0.0014440210066827548,0.001543245314430098,0.001498573196503137,9.327505224859182e-05,0.0,0.00032134075397993614,0.004112364617558197,0.0046332447556514,0.004139586639569253,0.001052546071184988,0.0030004477882736805,0.20148989669529987,0.001295826036821852,0.0007936747066875139,0.0008389282359903921
0.0005479466989638792,0.0011470076873257987,0.0010128111912939167,0.00011788228038224513,0.0011445118329397456,0.0001553500232071789,0.001148948023331727,0.0,0.0012493295637440011,0.0017249162723148594,0.007434244160993592,0.007501934254954352,0.00012633852287195492,0.0014320178417983023,0.005450597589950943,0.0005476639527820546,0.004001751489530106,0.0,0.002190770811978361,0.001241370764238472,0.009074752221755052,0.009453764906830768,0.0,0.0014227355699332018,0.003691826395281438,0.008733134476984592,0.0006145960277295544,0.008394218581427458,0.0035673166972500533,0.0015664513080728198,0.005012803301175769,0.008453998642545339,0.004188607398024218,0.004167674191719969,0.0021079952049772514,0.008511534063722362,0.0029882756370580715,0.008038058771766422,0.0015568578853295129,0.0017204158174257782,0.009388840402930641,0.00045842981099479795,0.007350371282356646,0.00393090692088924,0.007728850799567828,0.006746503026894042,0.000456440195293141,0.0003423302942911286,0.0004190926452404342,0.0033252711950165327,0.00043666303164368214,0.00441256680162972,0.009385665605293135,0.000658316116765622,0.008972545894836814,0.006105514940621895,0.0009029082124861239,0.0005955380899802181,0.0004535368051117757,0.003412072796899186,0.0005509117118557332,0.0007516470800388226,0.000678812521442556,0.0004864641587768156,0.005580157070795101,0.005698467641267176,0.004824639201142582,0.00022137584362407595,0.0004287102346111512,0.0011518339888842005,0.004674402644951073,0.004283064426157058,0.004825207179999779,0.004844513824719579,0.001176450879112181,0.17452522885086064,0.00047110314360433123,0.0019632906685623334,0.0,0.0012429505458635673,0.01233815928373736,0.012279281622606794,0.001068783057434026,0.006293633178182351,0.006666070765631961,0.005077265398899492,0.0010631093672621489,0.004512077052192853,0.0046643627647094225,0.0053754164589042835,0.0011713732395275457,0.0020778566281495665,0.00014536821524132142,0.0,0.0011036650672507486,0.0,0.0011641853607792106,0.0010400021996028325,0.0011114648014858648,0.0010792913769373652,6.717787279940622e-05,0.0,0.00023143367680563632,0.0029617770295837496,0.0033369214955155874,0.002981382674264897,0.0007580569978897799,0.00216096046051748,0.0013104557009776894,0.0009332703072604418,0.0005716145657883005,0.0006042067301660894
0.0004618752289239588,0.0009668357144278856,0.0008537188046212907,9.936533122762173e-05,0.0009647319088604853,0.00013094764083410965,0.0009684712624449143,0.0,0.0010530848700190244,0.0014539664161798448,0.006266473053361471,0.006323530387045808,0.00010649326710743744,0.001207076472500813,0.004594417694989938,0.00046163689651369967,0.0033731563468098434,0.0,0.0018466445225708626,0.0010463762387771045,0.0076492901002541145,0.007968767470982772,0.0,0.0011992522599437625,0.0031119142878174946,0.0073613336724323835,0.0005180552808149251,0.0070756546873369025,0.003006962573736105,0.0013203931292632201,0.004225392135146267,0.0071260444961743765,0.003530660928322434,0.003513015910162511,0.0017768713083052216,0.0071745422531234015,0.002518877285991405,0.006775440462245738,0.001312306641409369,0.0014501728927658205,0.007914041308459392,0.00038641965413637293,0.006195774926893691,0.003313440043342929,0.006514802879768475,0.005686762299827775,0.00038474256727845206,0.0002885570500603456,0.0003532615705629666,0.00280293758012721,0.0003680720005876898,0.00371944078776052,0.007911365208049656,0.000554907818060415,0.007563138343646936,0.005146460625149751,0.0007610793862394301,0.0005019909640165254,0.00038229524164037535,0.002876104385979541,0.0004643744975768718,0.0006335783531854832,0.0005721846473946877,0.0004100503664374737,0.004703625971976216,0.004803352317484351,0.0040667848528276864,0.00018660212507064456,0.00036136842895028093,0.0009709039005148864,0.003940147455586471,0.003610280646033715,0.004067263613563333,0.004083537570440111,0.0009916539695105462,0.16404890984675372,0.0003971022596002368,0.0016548969611481798,0.0,0.0010477078682971294,0.010400081165653888,0.010350452007809504,0.0009008986097659302,0.005305029249073032,0.005618964338541499,0.004279728526257598,0.0008961161428728282,0.0038033199676990744,0.003931684639780208,0.004531046016360246,0.00098737392557565,0.0017514668992668042,0.00012253377531028556,0.0,0.0009303013533172487,0.0,0.000981315118854773,0.0008766386492176744,0.0009368759052621772,0.000909756282392462,5.662557222540308e-05,0.0,0.00019508007376893276,0.002496541079903274,0.0028127578513692996,0.002513067069826071,0.0006389814011103871,0.0018215167812570931,0.0011046093133297197,0.0007866722030243771,0.00048182534711673576,0.0005092979341613946
0.00016780227320697968,0.00035125770021627114,0.0003101615915379237,3.6100070784927294e-05,0.00035049337397730437,4.7574129173903604e-05,0.0003518519054431587,0.0,0.00038259257912738555,0.0005282354508813702,0.0022766503971085616,0.002297379697351974,3.86896962270477e-05,0.0004385387293711,0.0016691818157856012,0.0001677156854929913,0.0012254896288677794,0.0,0.0006708979596384124,0.0003801552897860105,0.0027790368196030863,0.0028951050252337546,0.0,0.000435696142085814,0.0011305786905645586,0.0026744203774405153,0.00018821285127186712,0.0025706313450254937,0.001092449050573136,0.0004797074074170002,0.0015351124309486818,0.0025889382901480777,0.0012827120672304088,0.001276301517426923,0.0006455488973169519,0.002606557840519821,0.0009151244926113427,0.002461561565429967,0.0004767695338113987,0.000526857239164279,0.002875222654627493,0.00014038877236824838,0.002250965308171433,0.0012037943076170358,0.0023668702373742323,0.002066037711790681,0.00013977947581043053,0.00010483465212636024,0.000128342225053366,0.001018325444077996,0.00013372295056036346,0.0013512970173763725,0.0028742504099519566,0.00020160161762256524,0.002747737326376013,0.0018697426010099354,0.0002765050886133906,0.00018237658054877896,0.00013889034649664658,0.0010449074202838178,0.00016871027375572266,0.00023018313445158183,0.00020787840203218615,0.00014897396376477087,0.0017088578927512527,0.0017450891223711562,0.0014774893742148447,6.779376509334822e-05,0.00013128749940619858,0.0003527356986679701,0.001431481184558089,0.0013116384282634021,0.0014776633111024135,0.0014835757454287962,0.00036027433362526197,0.0,0.00014426983237829876,0.0006012348240691339,0.0,0.00038063907944723617,0.003778417095888754,0.0037603865002167644,0.00032730232145144827,0.001927351612897451,0.002041406271717265,0.0015548531950671355,0.00032556482013952636,0.0013817708687262652,0.0014284065885609596,0.0016461584729755123,0.000358719365840186,0.0006363193103653894,4.451731713259805e-05,0.0,0.00033798452932375095,0.0,0.0003565181619716576,0.00031848852007614406,0.00034037310678491206,0.0003305203714982499,2.0572438498608032e-05,0.15171748062458082,7.087385896852578e-05,0.0009070096037372625,0.0010218932124594505,0.0009130136033076693,0.00023214609688660429,0.0006617688878697643,0.0004013117443300776,0.0002858031253240601,0.00017505028083729805,0.00018503125030325165
0.0006149983133535087,0.0012873657135680195,0.0011367477449341788,0.00013230740096880345,0.0012845644443192016,0.0001743600288723365,0.00128954348628431,0.0,0.0014022086016360587,0.0019359923148648992,0.008343964164241855,0.00841993741801878,0.0001417984242349599,0.0016072522365102215,0.006117581018239701,0.0006146809678429729,0.004491441268237553,0.0,0.0024588529447452795,0.0013932758928863315,0.010185219330700384,0.010610611367009587,0.0,0.0015968341035934245,0.0041435909926737565,0.009801798211013495,0.0006898034446820502,0.009421409562755443,0.004003845184495243,0.0017581361731657896,0.005626214340236811,0.009488504841966337,0.00470116252174873,0.004677667742795709,0.0023659481808535427,0.009553080807199566,0.0033539475282927896,0.009021666882235563,0.0017473688141916828,0.0019309411444292661,0.010537742125403794,0.0005145273456083979,0.008249827856832103,0.004411927530301409,0.008674621482131543,0.007572064929708954,0.0005122942628960564,0.00038422086308203624,0.00047037653561759633,0.0037321808494241624,0.000490096990222761,0.00495252758287144,0.010534178831389985,0.0007388735112919763,0.010070506131793203,0.0068526398602953105,0.0010133960635988837,0.0006684134087643223,0.0005090355881601321,0.0038296042646124547,0.0006183261515009229,0.000843625278398544,0.0007618780376993094,0.0005459922246459171,0.006262994545410829,0.006395782645840673,0.005415024813275684,0.0002484653538445564,0.0004811710184618255,0.0012927826041593214,0.00524640398056234,0.004807178148991173,0.005415662295059692,0.005437331471937014,0.001320411835248483,0.17968817951402286,0.0005287514995163764,0.0022035363148854583,0.0,0.0013950489905922535,0.013847965803487053,0.013781883349923656,0.001199568824678807,0.007063777912645073,0.007481790264109318,0.005698564591548264,0.0011932008514931069,0.005064214789626099,0.005235135531593561,0.006033200057688001,0.0013147128506825162,0.002332121580655112,0.0001631567584176939,0.0,0.0012387193063665874,0.0,0.001306645399386297,0.001167266086006376,0.0012474734852096607,0.0012113630352889873,7.539835269458359e-05,0.0,0.0002597539526340863,0.0033242063163578697,0.0037452567839457622,0.0033462110814817653,0.0008508195706071245,0.0024253947344785066,0.001470814674766197,0.001047473533380878,0.0006415623901245125,0.0006781428205911662
0.0006435587569335446,0.0013471508138372253,0.001189538165865404,0.00013845173986948362,0.0013442194540001962,0.00018245728647304043,0.0013494297220419278,0.0,0.0014673269910444662,0.0020258995521361314,0.008731456800517897,0.008810958242553181,0.0001483835250509562,0.0016818928262858717,0.006401680703920143,0.0006432266739377955,0.004700023230414106,0.0,0.002573041763275641,0.0014579794484346714,0.010658219623105331,0.011103366811564715,0.0,0.0016709908765993075,0.0043360188322229334,0.010256992475306755,0.0007218378290622747,0.009858938626525118,0.004189783246457447,0.0018397837938005776,0.0058874950197842285,0.009929149801982843,0.004919483912308065,0.004894898038803817,0.0024758225139457617,0.009996724666841685,0.0035097044256245484,0.009440631946680962,0.0018285164000429455,0.0020206138059868624,0.011027113531631648,0.0005384219302040912,0.008632948814945406,0.004616816884584809,0.00907746980226372,0.007923710663548569,0.0005360851434141444,0.0004020640311754412,0.0004922207622035593,0.0039055028541614273,0.0005128570322164967,0.005182522334951136,0.011023384758696297,0.0007731867033346796,0.01053817915780711,0.007170875585263501,0.0010604580481120179,0.0006994544425926209,0.0005326751362372678,0.004007450600380303,0.0006470411394619578,0.0008828031292043622,0.0007972595570272687,0.0005713480342287225,0.006553847216828577,0.006692801979781033,0.005666497878007745,0.00026000405332712227,0.0005035165394603979,0.0013528192641397542,0.005490046315234558,0.0050304228918178475,0.005667164964364854,0.005689840455064822,0.0013817315932123538,0.18329013282797366,0.0005533066520133821,0.0023058682615450755,0.0,0.001459834888572909,0.014491063576994955,0.01442191226267918,0.0012552766485763916,0.007391818861954207,0.007829243653941506,0.005963205207579596,0.001248612947524549,0.005299396281405508,0.00547825456092653,0.006313381102275058,0.0013757679485267968,0.002440425010729395,0.00017073373756106851,0.0,0.0012962452736624483,0.0,0.001367325845816781,0.0012214737748217944,0.001305405995459395,0.0012676185808296872,7.889984261968439e-05,0.0,0.00027181689321101874,0.0034785820355838913,0.0039191860334218415,0.00350160869920599,0.0008903315234295826,0.0025380297579725825,0.001539119121499212,0.0010961180712635518,0.0006713564660567039,0.0007096356870692688
0.00013307822022484833,0.00027857041917064043,0.00024597850669794396,2.8629726393059018e-05,0.0002779642582789618,3.7729408059930766e-05,0.0002790416629299247,0.0,0.00030342103553451224,0.0004189253954638266,0.0018055332453553396,0.001821972941494004,3.068346939844303e-05,0.0003477900059934642,0.001323770775157704,0.00013300955048247423,0.0009718937389636646,0.0,0.0005320661318517128,0.00030148810505911206,0.002203958664111342,0.0022960083719896656,0.0,0.0003455356476374661,0.0008966231332211337,0.002120990956563793,0.00014926514874926216,0.002038679439272169,0.0008663838251897481,0.0003804394707393942,0.0012174449502463207,0.0020531980487528785,0.0010172748896995186,0.001012190902801091,0.0005119626610605411,0.002067171509063166,0.0007257538079395889,0.0019521799427427884,0.0003781095440750709,0.0004178323830814656,0.0022802403466610196,0.00011133751414245296,0.0017851632833950886,0.0009546879247391225,0.001877083502345698,0.0016385035574779424,0.0001108543019668735,8.314076237607749e-05,0.00010178381116882548,0.0008075989384269034,0.00010605107978387237,0.0010716672583200363,0.0022794692927976205,0.00015988331954578945,0.002179136110918271,0.0014828286462726604,0.00021928669005810244,0.00014463660286764027,0.00011014916404253703,0.0008286801908791068,0.00013379832427755592,0.00018255033899814492,0.00016486122170410584,0.00011814613460690668,0.0013552365092457056,0.001383970253206536,0.0011717460828382746,5.376490692611764e-05,0.00010411960711162176,0.0002797425689853487,0.0011352585676319927,0.0010402153932474293,0.0011718840262104752,0.0011765729748302637,0.00028572120147862703,0.0,0.0001144154495532937,0.00047681869139894385,0.0,0.0003018717820251547,0.0029965328405759674,0.0029822333943541487,0.000259572230946441,0.0015285163751954166,0.0016189692082471544,0.0012331006723325282,0.0002581942783251216,0.0010958350232944598,0.0011328202111342612,0.0013055117526412812,0.00028448800992889387,0.0005046429926111789,3.530515540682721e-05,0.0,0.0002680439231622219,0.0,0.0002827423107343753,0.0002525823077587257,0.00026993822191828475,0.0002621243559244776,1.631529447579636e-05,0.0,5.620762360212174e-05,0.0007193181682545835,0.0008104284130061473,0.0007240797341248799,0.00018410709709342293,0.0005248261785420336,0.00031826656260431816,0.0002266606436607151,0.00013882636616581023,0.00014674193028340297
0.2291202453418471,0.0009094238873496179,0.0008030239909596062,9.346490251063872e-05,0.0009074450081990211,0.00012317181791022877,0.0009109623146267614,0.0,0.2871118859625751,0.0013676282025437032,0.005894362608989747,0.005948031811964643,0.00010016957328341493,0.0011353988703236215,0.004321595838811215,0.0004342243617054712,0.003172854407192723,0.0,0.0017369886271350954,0.2844687936090359,0.007195066374388575,0.007495572807976644,0.0,0.0011280392685909806,0.002927125204927347,0.006924209133526406,0.0004872925568533573,0.0066554940981976155,0.0028284056454617743,0.0012419866524633319,0.003974483445096024,0.00670289170169108,0.003321006183815202,0.003304408947316913,0.0016713586273290955,0.0067485096055336395,0.0023693034286993322,0.006373106942297383,0.001234380349645478,0.0013640599429537317,0.007444096348513013,0.00036347360649678054,0.005827862619341858,0.003116684127147611,0.006127946322029918,0.005349075752960689,0.2339920773314847,0.00027142219745502694,0.00033228448841767183,0.002636495892816695,0.00034621545791477335,0.003498576076053915,0.00744157915805217,0.000521956747656778,0.00711403040909839,0.004840857818936648,0.0007158856087821413,0.00047218215783478,0.23343443157845845,0.002705317968801504,0.00043679940083955564,0.0005959557350810795,0.0005382076588092976,0.00038570109966962445,0.004424319201535133,0.004518123680879223,0.0038252944473214884,0.00017552147426604263,0.0003399099521430649,0.27445563508481813,0.0037061769257360436,0.0033958979902618826,0.003825744778688884,0.0038410523691146223,0.0009327684056350874,0.0,0.00037352186644724997,0.0015566272585007008,0.0,0.2827169970681811,0.009782512273056872,0.009735830152217517,0.0008474022045058703,0.00499001045389627,0.005285303713319156,0.00402559327822652,0.0008429037260486287,0.0035774744129161975,0.0036982166417564555,0.004261987244023848,0.2760974515333763,0.0016474627615901993,0.00011525757748848258,0.0,0.27028195486187323,0.0,0.2772599066851461,0.2644192326829893,0.0008812431264311469,0.0008557338982493698,5.32630800126112e-05,0.0,0.00018349599252896203,0.0023482935724577977,0.0026457330249525257,0.0023638382299147106,0.2520812001581092,0.0017133530002701877,0.0010390163300135653,0.26391049553374807,0.0004532139986758462,0.0004790552316101183
0.00021454005573954876,0.00044909312098764814,0.0003965505583749478,4.615498378169654e-05,0.00044811590780228887,6.0824899029468186e-05,0.00044985282954260886,0.0,0.0004891556692458017,0.0006753642898264444,0.002910763327339836,0.0029372663367727187,4.946589474898584e-05,0.0005606844391623728,0.0021340971904258363,0.00021442935084485106,0.0015668239068563246,0.0,0.0008577624301837384,0.0004860395243857913,0.003553078887343136,0.003701475442584544,0.0,0.0005570501091680615,0.001445477529332883,0.0034193237426488427,0.0002406355696561935,0.003286626465228727,0.001396727682666632,0.0006133197838087267,0.001962685607339588,0.0033100324236341626,0.001639984448017342,0.0016317883748302722,0.0008253529214240843,0.00333255952798511,0.0011700131106763656,0.003147177599926041,0.0006095636275001407,0.0006736022063161637,0.003676055257168817,0.00017949110267379885,0.0028779241988409654,0.0015390858116478014,0.0030261120004506925,0.0026414889225061214,0.00017871209941610808,0.00013403413243921432,0.00016408924378946712,0.001301958509608598,0.00017096865685180718,0.0017276722888671472,0.0036748122142535116,0.0002577534943676157,0.0035130615807046663,0.0023905199504925144,0.00035351974672127525,0.0002331737288699368,0.00017757532189281678,0.0013359443344003155,0.0002157009606821093,0.0002942957896323203,0.00026577854463284164,0.00019046751798417277,0.0021848242014552892,0.0022311468755979607,0.0018890128640132093,8.667628789498324e-05,0.00016785486216726802,0.0004509827847219371,0.001830190063911682,0.001676967636562743,0.0018892352473507,0.0018967944655048777,0.00046062114737953076,0.0,0.00018445315005832802,0.0007686960981109315,0.0,0.00048665806344907076,0.004830815452418554,0.004807762814772135,0.00041846547693226774,0.002464174737076978,0.002609996914529698,0.001987924744768259,0.0004162440312916148,0.0017666339885047948,0.0018262591040742843,0.0021046611812741947,0.0004586330761281248,0.0008135526277737194,5.691667649354285e-05,0.0,0.000432122988410187,0.0,0.0004558187733679608,0.0004071967771572491,0.00043517685372358245,0.00042257984691795836,2.6302457158883255e-05,0.16225073717406135,9.06142769283532e-05,0.001159637990732562,0.0013065200045919165,0.0011673142776974382,0.00029680549383462795,0.0008460906480995931,0.0005130886629367141,0.0003654075553668403,0.00022380684296054875,0.00023656780087033316
0.0008243389994366327,0.0017255750807590943,0.001523687916412629,0.0001773438205675081,0.001721820281047318,0.0002337108389104563,0.0017284941505239498,0.0,0.001879509602833148,0.0025949891781823315,0.011184185258948091,0.011286019222785994,0.00019006551500629591,0.0021543485107503777,0.00819995844874699,0.000823913631960087,0.006020293260477805,0.0,0.003295827536795271,0.001867536268869259,0.013652189493544242,0.014222381700523309,0.0,0.0021403841256810914,0.005554037431988739,0.01313825477973653,0.0009246072209474288,0.01262838476726082,0.005366723227725025,0.0023565921765833554,0.007541334340507238,0.012718318762412823,0.0063014020123657545,0.006269909791731018,0.0031712987072903525,0.012804875888525491,0.004495605418102358,0.012092572759102574,0.0023421596915983293,0.0025882186282597,0.014124708330677015,0.0006896684885992675,0.011058005678003111,0.005913713658959335,0.011627395779476626,0.010149537473995551,0.000686675281741979,0.0005150066836909613,0.0006304890831572015,0.005002586446708539,0.0006569222285247277,0.006638329803028027,0.014119932118843154,0.0009903803600491358,0.013498428805821893,0.009185225655551292,0.001358348273420285,0.0008959361816559795,0.000682307379240501,0.005133172041586187,0.0008287996080418298,0.0011307888213585437,0.0010212154499499985,0.0007318437699618265,0.008394869619867377,0.008572857766287726,0.007258257526202938,0.0003330410453746359,0.000644957924768695,0.001732835839159784,0.007032239461592095,0.006443504542060736,0.007259112001873156,0.007288157199555509,0.001769869847573644,0.0,0.0007087344348721896,0.0029536030938524522,0.0,0.0018699129153690402,0.01856170663693755,0.01847313022547761,0.0016078928075412473,0.009468233473683235,0.010028534007971235,0.007638312059762851,0.001599357225361005,0.00678803447419041,0.0070171353194401044,0.008086854859546232,0.001762230972583406,0.003125957793085458,0.0002186940615364841,0.0,0.0016603698114633961,0.0,0.0017514174230416756,0.0015645944655814238,0.0016721038453163329,0.0016237016765453356,0.00010106337085789138,0.0,0.0003481721961910669,0.0044557405268398475,0.005020113328565271,0.004485235544421535,0.001140431995188627,0.0032509804096155937,0.0019714686545108475,0.0014040254512815416,0.0008599452832115607,0.000908977410284256
0.0,0.0,0.0,0.0,0.0,0.0,0.0,0.0,0.0,0.0,0.0,0.0,0.0,0.0,0.0,0.0,0.0,0.0,0.0,0.0,0.0,0.0,0.0,0.0,0.0,0.0,0.0,0.0,0.0,0.0,0.0,0.0,0.0,0.0,0.0,0.0,0.0,0.0,0.0,0.0,0.0,0.0,0.0,0.0,0.0,0.0,0.0,0.0,0.0,0.0,0.0,0.0,0.0,0.0,0.0,0.0,0.0,0.0,0.0,0.0,0.0,0.0,0.0,0.0,0.0,0.0,0.0,0.0,0.0,0.0,0.0,0.0,0.0,0.0,0.0,0.0,0.0,0.0,0.0,0.0,0.0,0.0,0.0,0.0,0.0,0.0,0.0,0.0,0.0,0.0,0.0,0.0,0.0,0.0,0.0,0.0,0.0,0.0,0.0,0.0,0.0,0.0,0.0,0.0,0.0,0.0,0.0,0.0,0.0,0.0,0.0,0.0
0.0005292556076386403,0.00110788193754923,0.000978263038147827,0.000113861180387632,0.0011054712196232608,0.00015005085546580197,0.0011097560864651418,0.0,0.0012067134972261898,0.0016660773968636686,0.007180653552983719,0.007246034660084206,0.00012202897073237516,0.001383170068262965,0.005264671445084042,0.000528982506253867,0.003865247149430692,0.0,0.0021160411030545115,0.0011990261815140266,0.008765201999349355,0.0091312861263672,0.0,0.0013742044253536813,0.0035658939561562203,0.008435237228267575,0.0005936314512403739,0.008107882143218857,0.0034456314269483423,0.0015130178545798203,0.0048418108223910565,0.008165623037782958,0.0040457291882456375,0.004025510037654293,0.002036089067092127,0.008221195859652988,0.0028863421224610245,0.007763871353784321,0.0015037516745062035,0.0016617304576605023,0.00906857627187355,0.0004427922435457776,0.007099641674581425,0.003796819170404959,0.007465210820703038,0.006516372058973043,0.0004408704959211656,0.00033065301471979356,0.24450558387908028,0.003211842374832443,0.000421767954041717,0.004262049079333132,0.009065509770230332,0.0006358601978183778,0.008666482047646184,0.00589724881262338,0.0008721089761921597,0.2773997420403061,0.0004380661437139959,0.003295683074366321,0.000532119480534858,0.0007260075347255278,0.29787078986018056,0.0004698703075220382,0.005389811503212291,0.005504086364222813,0.004660065215953142,0.00021382445930475533,0.00041408643605130306,0.0011125436084175268,0.004514953401269293,0.004136964178646559,0.004660613820399087,0.00467926189329005,0.001136320788242534,0.0,0.00045503327422220704,0.0018963205686356864,0.0,0.0012005520749732025,0.011917290497788384,0.011860421221311453,0.0010323256396393,0.006078950121010189,0.006438683434534737,0.00490407404391414,0.0010268454855565246,0.0043581649209426376,0.0045052559928754465,0.005192054828777564,0.0011314163527767897,0.002006978551740065,0.00014040953843571185,0.0,0.0010660177840323868,0.0,0.0011244736608292405,0.0010045265299291528,0.001073551460373228,0.0010424755082935268,0.17748008441290677,0.0,0.00022353920824311085,0.0028607474129264667,0.003223095270198834,0.0028796842865466367,0.0007321988029155489,0.00208724761692496,0.0012657545517035546,0.0009014353850369421,0.0005521161363385227,0.0005835965445509322
0.0002193352167949967,0.0004591307516604204,0.00040541381604252357,4.7186588718974556e-05,0.00045813169689124525,6.218438961980225e-05,0.0004599074403772611,0.16956103281991247,0.0005000887335033528,0.0006904592823659615,0.002975821476508169,0.0030029168517733745,5.057150149107217e-05,0.0005732162350444948,0.002181796160675449,0.00021922203754744273,0.0016018438146912656,0.0,0.0008769341833832283,0.0004969029400342543,0.0036324933605462466,0.003784206710779632,0.0,0.0005695006745424757,0.0014777852377059841,0.003495748669407616,0.00024601398865675407,0.0033600854898175984,0.001427945788609141,0.0006270280264570164,0.002006553376255563,0.003384014592210408,0.001676639559015448,0.0016682602963031465,0.0008438002932781203,0.003407045197378968,0.0011961639442973366,0.003217519818351042,0.0006231879167142476,0.0006886578147220473,0.0037582183616114216,0.00018350288845605706,0.002942248364280573,0.0015734857483848622,0.003093748295052948,0.0027005285492365965,0.00018270647378271958,0.00013702991450777833,0.00016775678432740925,0.0013310584402465545,0.00017478995839017024,0.001766287301096889,0.0037569475355814104,0.0002635145142099787,0.003591581631513436,0.002443950197489322,0.0003614212274772401,0.0002383853690924419,0.00018154428827074477,0.0013658038784490018,0.00022052206899552003,0.00030087356227418246,0.00027171893148602785,0.00019472463641092614,0.0022336569655174786,0.0022810149926261393,0.0019312339815920775,8.861358001841492e-05,0.00017160656762505537,0.00046106265105981764,0.0018710964395919018,0.0017144493547172988,0.001931461335394946,0.0019391895087979586,0.000470916439695067,0.0,0.0001885758420128232,0.0007858771395739353,0.0,0.0004975353039957203,0.0049387884742565615,0.00491522058965597,0.0004278185525204976,0.002519251234061741,0.0026683326668732405,0.0020323566308531886,0.00042554745559404564,0.0018061198293735645,0.0018670776193059832,0.00215170223053919,0.0004688839332830224,0.0008317362525696121,5.818881483426696e-05,0.0,0.0004417813215267952,0.0,0.00046600672835315723,0.0004162979872832444,0.0004449034434460211,0.0004320248823346459,2.689034046951304e-05,0.0,9.26395866090867e-05,0.0011855569311952667,0.001335721888699696,0.0011934047900010168,0.0003034393605975164,0.0008650015265887425,0.0005245566508890099,0.00037357473921892554,0.00022880912495216907,0.00024185530162069895
0.21228063562699917,0.0007143754678868222,0.0006307956578290037,7.34190451678395e-05,0.0007128210082572001,9.675457866685993e-05,0.0007155839414283765,0.0,0.2659470594283727,0.0010743065480000688,0.004630170930481452,0.004672329447010022,7.868573365816257e-05,0.0008918845331734597,0.0033947228485121704,0.000341094220061926,0.0024923573959342183,0.0,0.0013644485046901862,0.2634984093742861,0.005651906640214055,0.00588796204527177,0.0,0.0008861033798473264,0.002299330891700448,0.005439141426035046,0.0003827806297395575,0.0052280589684907675,0.00222178418057509,0.0009756119322403392,0.003122057282851396,0.005265290984983139,0.0026087343640512433,0.0025956968149456797,0.0013128944796958998,0.005301125002381252,0.00186114777606699,0.005006236714393865,0.0009696369889713322,0.0010715035898310726,0.005847525984237941,0.00028551771216652275,0.004577933506459495,0.0024482342201008855,0.004813656845702048,0.0042018343117419255,0.21680595596721244,0.0002132090018735814,0.00026101787096961446,0.002071034215410423,0.0002719609999010662,0.0027482200061321152,0.005845548667457242,0.00041001022846527457,0.00558825083962963,0.003802616268915957,0.000562346254415658,0.000370911029084673,0.21628947120097855,0.0021250956969884713,0.0003431169784387701,0.0004681383049318472,0.00042277573025124783,0.0003029779703103656,0.0034754146483753474,0.0035491004397356436,0.003004865551282356,0.00013787655794748763,0.0002670078656161784,0.25422853153615005,0.002911295724934253,0.0026675637724442405,0.003005219297962821,0.003017243797456096,0.000732713177512393,0.0,0.0002934108745338374,0.0012227700872885887,0.0,0.26187471821866165,0.007684410844474525,0.007647740857705483,0.0006656558671407326,0.003919779436574067,0.004151739761454945,0.0031622053496265326,0.0006621221985211008,0.0028101966455139414,0.002905042720508556,0.0033478987894747484,0.25574793123243583,0.0012941236726990285,9.053774262054635e-05,0.0,0.250365880117463,0.0,0.25682606592277124,0.24493960874210277,0.0006922387673376317,0.0006722006233309931,4.183949666859206e-05,0.0,0.00014414074376280366,0.0018446440025334816,0.002078290216361417,0.0018568547241764825,0.23353665271749532,0.0013458821219117171,0.0008161736097109364,0.24448007869967106,0.0003560110602553894,0.00037631000239335427
0.0006644000955029197,0.0013907776403122008,0.0012280607830917195,0.00014293543239180748,0.001387751349806955,0.00018836607730350494,0.001393130349855089,0.0,0.0015148456647985998,0.002091507327679111,0.00901422079902295,0.009096296856743832,0.0001531888536248997,0.0017363601106672526,0.006608996032203699,0.0006640572581602319,0.004852231205791095,0.0,0.0026563684742617315,0.0015051954065498302,0.011003380902193998,0.011462943966698787,0.0,0.0017251051066215703,0.004476438701507496,0.01058916020758963,0.0007452141974600136,0.010178215577753544,0.0043254673471412475,0.0018993643006741823,0.0060781586937858,0.01025070050811446,0.005078799015549825,0.005053416940442841,0.002556000826640453,0.010320463752234917,0.0036233645031618486,0.009746362238732528,0.0018877320178282307,0.002086050405201492,0.011384221261236204,0.0005558584635736755,0.008912522680060167,0.004766330262761677,0.009371439264203295,0.008180316194722837,0.0005534460010755994,0.00041508468004396474,0.000508161093129737,0.0040319806720611915,0.0005294656587497423,0.005350355810080459,0.011380371733795764,0.0007982259801496188,0.01087945298458105,0.007403100917140655,0.0010948004682581297,0.000722105935863237,0.0005499255624682876,0.004137229946652482,0.0006679952533024652,0.0009113922808670935,0.0008230784215468778,0.0005898508635259973,0.006766090383915162,0.006909545129548795,0.005850004666635594,0.00026842415863439893,0.000519822678660766,0.0013966296606316793,0.005667838805484472,0.005193330700166319,0.005850693356261206,0.0058741031817422795,0.0014264783014746338,0.0,0.0005712252198878133,0.0023805426881106056,0.0,0.001507110934218071,0.014960349650697903,0.014888958904568572,0.0012959281747181026,0.007631199334810378,0.008082789916774465,0.0061563207193349,0.0012890486729359456,0.005471014662670833,0.005655665180925728,0.0065178368907363405,0.0014203215270450398,0.0025194569924308487,0.00017626286693952635,0.0,0.0013382235488802016,0.0,0.0014116060309285615,0.0012610306112728635,0.0013476809362146034,0.001308669794468336,8.145497579966389e-05,0.0,0.00028061955161517055,0.0035912342295970567,0.004046106974453097,0.003615006600565223,0.0009191644784921451,0.002620222622128602,0.0015889627486182136,0.0011316153239838238,0.0006930980199693512,0.0007326168950099275
0.0011654554743091323,0.0024396285091164145,0.0021541992123815315,0.0002507297685255116,0.00243431995052339,0.0003304218007394044,0.0024437555076445273,0.0,0.002657262069531454,0.0036688114301912716,0.01581226891441103,0.015956242389773206,0.0002687157772383179,0.0030458309835391453,0.01159315096062518,0.0011648540871923366,0.008511527104947536,0.0,0.004659660949878545,0.0026403340973944057,0.01930154826161399,0.020107689460181946,0.0,0.0030260880512801075,0.007852331788321135,0.018574944247908405,0.0013072152936781792,0.017854086933585072,0.007587505830888332,0.003331764304236669,0.010661984204006145,0.017981236161084966,0.00890896036236702,0.008864436469936858,0.004483601335866593,0.01810361115066741,0.006355914191178509,0.017096552668512854,0.003311359569479273,0.0036592391856695313,0.01996959825782542,0.0009750574897534111,0.015633875458006725,0.00836084421826587,0.016438882634948804,0.014349477604308204,0.0009708256757546185,0.0007281195712244856,0.000891389287610905,0.0070726870425949235,0.0009287606287616284,0.00938531091516458,0.019962845620582693,0.0014002057564380004,0.01908416046925912,0.012986127710011177,0.0019204410228776541,0.0012666800045323446,0.0009646503087210616,0.007257309748205211,0.0011717619097940844,0.0015987160901528986,0.001443800593453275,0.001034685158198207,0.01186871755585058,0.012120358276172544,0.010261768488012597,0.000470855448749568,0.0009118454235871857,0.002449893813355936,0.009942222778209369,0.0091098657802344,0.010262976550894741,0.010304040827441676,0.0025022527189409445,0.0,0.001002013040166344,0.00417582195797997,0.0,0.0026436942146223436,0.026242653359022528,0.026117423491575767,0.0022732485978849727,0.01338624587879801,0.014178402170554867,0.010799091891340738,0.002261180940058305,0.009596964286720562,0.00992086845047793,0.011433244420611765,0.0024914528311750874,0.004419498076520146,0.0003091909898607026,0.0,0.0023474409041305913,0.0,0.0024761645692843643,0.002212033139560094,0.002364030552320208,0.0022955992727117644,0.0001428840063359367,0.0,0.0004922479614945168,0.0062995529662620816,0.007097466654406883,0.006341253200909376,0.0016123496677680133,0.00459625580962155,0.0027872743342226753,0.001985019693819796,0.0012157958541451637,0.0012851177726191743
0.001277509367062963,0.0026741890541958123,0.002361316869671424,0.0002748364351566027,0.0026683700988794704,0.00036219053823281127,0.002678712847162373,0.0,0.0029127472129125043,0.0040215530077074586,0.01733255546691142,0.017490371417360172,0.0002945517268285619,0.0033386754773007854,0.012707786159529645,0.0012768501589749037,0.009329876468276484,0.0,0.005107668754429309,0.0028941916838106504,0.021157315098328095,0.02204096355598917,0.0,0.0033170343408951575,0.00860730215267385,0.020360851008436806,0.0014328988273291004,0.01957068614013945,0.008317014236301606,0.003652100145680365,0.01168709143536301,0.01971006025843617,0.009765521347319766,0.009716716660318446,0.004914681711149008,0.01984420111489273,0.006967009975470959,0.018740317978649106,0.0036297335771072817,0.00401106043007588,0.021889595435620576,0.001068805376132696,0.017137010191606645,0.009164706023385805,0.018019415595988186,0.015729122610051383,0.0010641666901062472,0.0007981253622173318,0.0009770928102573412,0.007752697676053177,0.0010180572567181172,0.010287671104748498,0.02188219355925539,0.0015348299519768371,0.02091902633728974,0.014234692064275956,0.0021050837631291877,0.0013884662319001706,0.001057397586177076,0.007955071118015397,0.0012844221411520637,0.001752426262063164,0.0015826162585928073,0.0011341660069362938,0.0130098473831545,0.013285682354487365,0.011248396575458003,0.0005161263210563947,0.0009995157220713715,0.002685441326471177,0.010898127820900574,0.009985743019341534,0.011249720788765133,0.011294733231622691,0.002742834331874205,0.0,0.0010983525951435919,0.00457731057436487,0.0,0.002897874862900494,0.028765779750282567,0.028628509530848296,0.0024918123784886006,0.01467327999819962,0.015541598956070695,0.011837381479665314,0.0024785844635215213,0.010519674103313083,0.010874720359778626,0.01253250524384914,0.002730996077999865,0.004844415179239759,0.0003389184696160658,0.0,0.0025731379788929984,0.0,0.002714237910740762,0.002424711298144504,0.002591322655550059,0.0025163119815028905,0.00015662173332348697,0.0,0.000539575638528507,0.006905229843705257,0.007779859748650352,0.006950939389496544,0.0017673706537570748,0.005038167462973908,0.0030552596380006977,0.002175871415561786,0.0013326897735217854,0.0014086767178070833
0.0007226038800342083,0.2077024827264051,0.20115096814425548,0.0001554570788592451,0.001509323247664718,0.00020486760800855148,0.001515173467030722,0.0,0.00164755147153897,0.2115148058854377,0.009803898236842476,0.009893164445815752,0.00016660873584546093,0.0018884713617553508,0.007187967323192678,0.0007222310089348157,0.005277303720845572,0.0,0.21662790769912224,0.0016370558167353474,0.011967315759340902,0.012467138164213073,0.0,0.0018762303797803944,0.2659593884784502,0.011516807875405379,0.000810497581481486,0.011069863051031142,0.26476764359830884,0.002065755291962617,0.006610626767397828,0.011148697916163365,0.00552371966739745,0.00549611403326258,0.22040719686297067,0.011224572665770462,0.24724124250243312,0.010600177841028124,0.0020531039802378992,0.002268795755672656,0.012381519072947001,0.0006045536194936121,0.009693291005067382,0.2728534719600792,0.010192410295625055,0.008896940657028271,0.0006019298167979982,0.00045144755753757845,0.0005526777916851746,0.004385196356194006,0.0005758487121646575,0.24441246781985684,0.31028438116495377,0.0008681533827348594,0.3025773379172309,0.2671039569557995,0.0011907088388176128,0.000785364954915506,0.000598100975390111,0.004499665837317248,0.0007265139862982968,0.000991233449310807,0.0008951829853847337,0.0006415238732059167,0.007358823692489608,0.007514845578256671,0.2514091866955678,0.0002919390587644521,0.000565360973113217,0.001518979329735627,0.006164361414113515,0.24155060865089142,0.25282104193108856,0.00638869527499881,0.1946909972346581,0.0,0.0006212665576934943,0.002589086598059089,0.0,0.0016391391513627097,0.3082581573112206,0.30703515868982,0.0014094560395692102,0.2585040909499713,0.26614661832290065,0.006695636061218533,0.0014019738692412158,0.005950294784315872,0.23910771358547647,0.0070888223203987855,0.001544746686952196,0.0027401702838886007,0.0001917041138593506,0.0,0.001455456637227007,0.0,0.001535267682730465,0.0013715013268592712,0.0014657425249459909,0.001423313870011679,8.859071809189861e-05,0.0,0.0003052028110518099,0.0039058389756162983,0.004400560172346379,0.003931693889869745,0.0009996865187764333,0.002849763337060229,0.2047640749268535,0.001230748805353363,0.0007538158435916112,0.0007967967110421068
6.888161495461487e-05,0.00014418873590762733,0.00012731908164124412,1.4818816980950598e-05,0.0001438749855353229,1.952883465121992e-05,0.0001444326528395034,0.0,0.00015705147621831753,0.00021683681774743954,0.0009345484601777134,0.0009430576874388016,1.5881839424995733e-05,0.00018001696474019929,0.0006851870175940273,6.884607132662485e-05,0.0005030545959435373,0.0,0.00027539874190290553,0.00015605098663771147,0.0011407744394289578,0.0011884195952181367,0.0,0.0001788501032959659,0.00046409434479652387,0.001097830149406884,7.726000907525066e-05,0.0010552255050794185,0.0004484424043904032,0.00019691640820512999,0.0006301525084241324,0.0010627403731490164,0.0005265439914727444,0.0005239125073171845,0.00026499313584693975,0.0010699730706636855,0.0003756519606730205,0.0010104531523710805,0.0001957104324181587,0.00021627107184299927,0.0011802580264246307,5.762857187454674e-05,0.0009240049176354742,0.0004941488240719784,0.0009715830496363526,0.0008480934818430086,5.7378460060882496e-05,4.3033863628067816e-05,5.268355165630001e-05,0.0004180152020404816,5.489230041438332e-05,0.0005546976156004015,0.0011798589270435428,8.275600046357073e-05,0.001127926224684677,0.0007675157639142722,0.00011350333152737649,7.486426231309101e-05,5.70134789324005e-05,0.00042892691029537287,6.92543425880477e-05,9.448850562818657e-05,8.53325748960478e-05,6.115273061676776e-05,0.0007014737591513761,0.0007163464158819086,0.0006064986619619203,2.7828848407337218e-05,5.389256539628238e-05,0.00014479544354220071,0.0005876126341142133,0.0005384180526796219,0.000606570061791535,0.0006089970731599207,0.00014788999846382007,0.0,5.9221718833278906e-05,0.0002468025304862978,0.0,0.0001562495787814691,0.0015510127876272274,0.0015436113590008799,0.00013435522683391443,0.0007911638450690311,0.0008379824545101313,0.0006382559487824162,0.0001336419951591365,0.0005672069103480258,0.0005863505347780857,0.0006757361025134165,0.00014725169547667095,0.00026120445740750365,1.8274035499851324e-05,0.0,0.00013874019561569914,0.0,0.00014634811726875498,0.00013073722535504703,0.00013972068932311166,0.00013567621301599703,8.44483665361734e-06,0.0,2.9093204582490767e-05,0.0003723208577019994,0.0004194797450600834,0.0003747854559383196,9.529428745721341e-05,0.0002716513242163441,0.00016473555763819918,0.00011732010809600031,7.185686946838345e-05,7.595398497515352e-05
0.000474708096334554,0.0009936985417762733,0.000877438760876924,0.00010212612470820016,0.0009915362835008386,0.0001345859258239094,0.000995379532305763,0.0,0.001082344067444576,0.001494363815888341,0.0064405824508565615,0.006499225081071464,0.00010945210510378266,0.3232078847083958,0.0047220702500881135,0.00047446314203156506,0.003466877043316269,0.0,0.001897952197952941,0.0010754490417613806,0.007861820063964072,0.008190173881149496,0.0,0.31993536215441976,0.003198376563661419,0.007565862976165684,0.0005324490701193328,0.007272246608183779,0.003090508842513662,0.0013570792923145959,0.004342791583379138,0.007324036461221848,0.0036287577751061132,0.003610622502946141,0.0018262403856603659,0.007373881693085452,0.0025888624599311174,0.006963691149131342,0.0013487681272753333,0.0014904648921844925,0.008133927191991271,0.00039715604326452116,0.006367920028348802,0.0034055015657766807,0.006695811940932047,0.005844764855538069,0.00039543235976764664,0.00029657439788920387,0.00036307668644795283,0.0028808151628019643,0.00037829861350239093,0.0038227827456786593,0.008131176738077416,0.0005703255283170616,0.007773274643439687,0.005289451291677289,0.0007822254236125574,0.0005159384179589004,0.0003929170369661431,0.002956014855156017,0.0004772768053497939,0.0006511818670599872,0.00058808238179257,0.0004214433177252432,0.004834312799646162,0.004936809969154172,0.004179777513043171,0.2045263250736128,0.00037140878800113954,0.000997879759455762,0.004049621587796449,0.0037105896687832695,0.004180269575797758,0.004196995692733719,0.0010192063540312892,0.0,0.0004081354571539782,0.0017008770699539451,0.0,0.0010768176696394046,0.010689039859042137,0.010638031791131932,0.0009259294226035228,0.00545242562952255,0.005775083177192701,0.004398637671610026,0.0009210140783450815,0.003908992447644058,0.004040923638806242,0.004656937835444636,0.001014807392187641,0.0018001301335881185,0.00012593828716414693,0.0,0.0009561491000059613,0.0,0.001008580245927325,0.0009009954166906189,0.0009629063210963858,0.0009350331992236534,5.819887257777447e-05,0.0,0.00020050023177774863,0.002565905658597269,0.0028909082831402914,0.002582890811134182,0.00065673503474298,0.001872126300616909,0.0011353000799497297,0.0008085293182035821,0.0004952125140557773,0.0005234484069564168
0.0,0.0,0.0,0.0,0.0,0.0,0.0,0.0,0.0,0.0,0.0,0.0,0.0,0.0,0.0,0.0,0.0,0.0,0.0,0.0,0.0,0.0,0.0,0.0,0.0,0.0,0.0,0.0,0.0,0.0,0.0,0.0,0.0,0.0,0.0,0.0,0.0,0.0,0.0,0.0,0.0,0.0,0.0,0.0,0.0,0.0,0.0,0.0,0.0,0.0,0.0,0.0,0.0,0.0,0.0,0.0,0.0,0.0,0.0,0.0,0.0,0.0,0.0,0.0,0.0,0.0,0.0,0.0,0.0,0.0,0.0,0.0,0.0,0.0,0.0,0.0,0.0,0.0,0.0,0.0,0.0,0.0,0.0,0.0,0.0,0.0,0.0,0.0,0.0,0.0,0.0,0.0,0.0,0.0,0.0,0.0,0.0,0.0,0.0,0.0,0.0,0.0,0.0,0.0,0.0,0.0,0.0,0.0,0.0,0.0,0.0,0.0
0.0006371489079963458,0.0013337331839482843,0.0011776903588608648,0.00013707275974048303,0.001330831020472168,0.00018064001084562762,0.001335989394214102,0.0,0.0014527124057362281,0.0020057215808922855,0.008644491440339021,0.008723201047552321,0.00014690562428416754,0.0016651411640189813,0.0063379199271235915,0.000636820132549153,0.004653210971884943,0.0,0.0025474142524477467,0.0014434579647048316,0.010552063694081671,0.010992777213972179,0.0,0.0016543477978142806,0.004292832059602779,0.01015483277099325,0.0007146483201144188,0.009760743540845215,0.004148052981116386,0.0018214595365850306,0.005828855535372359,0.009830255412589741,0.004870485824119312,0.004846144826057211,0.0024511633074028737,0.009897157231404176,0.0034747477492681183,0.009346603197949062,0.0018103043661343214,0.002000488480805201,0.010917283417147788,0.0005330592446685427,0.00854696459487196,0.004570833361740829,0.008987058150588373,0.007844790459560633,0.0005307457322885243,0.0003980594711020214,0.00048731824056822185,0.0038666040231700592,0.0005077489732126048,0.005130904382553159,0.010913591782812421,0.0007654857593024038,0.010433218832511349,0.007099453623004766,0.0010498958798260587,0.000692487872303322,0.0005273696888028306,0.003967536369247593,0.0006405966059746569,0.0008740104049371193,0.0007893188472331346,0.0005656574045068591,0.006488570860684316,0.006626141633394961,0.005610059526404773,0.00025741441145381896,0.0004985015118183213,0.001339345176453051,0.005435365422216251,0.004980319850752232,0.0056107199685779124,0.005633169611259498,0.0013679695385610472,0.18171469686738279,0.0005477957145626171,0.002282901800338006,0.0,0.0014452949246485725,0.014346732500046425,0.014278269933220752,0.0012427740859042489,0.0073181963033831406,0.007751264341915039,0.005903811649259874,0.001236176755353382,0.005246614263825613,0.005423691113849258,0.006250499790021039,0.0013620652918110137,0.0024161183635230516,0.00016903322854855144,0.0,0.0012833346632477535,0.0,0.0013537072724927636,0.001209307888967543,0.0012924041442026765,0.0012549930924409965,7.811399973135096e-05,0.0,0.0002691095953842234,0.003443935338412076,0.003880150917885984,0.0034667326563314624,0.0008814638163123615,0.002512750966919788,0.0015237894861568672,0.001085200728940979,0.0006646697517760381,0.0007025677115261608
2.0698159528139587e-05,4.332711217562575e-05,3.825796861068141e-05,4.452889760092217e-06,4.32328336767513e-05,5.868197708139381e-06,4.3400406501998815e-05,0.0,4.719222264225922e-05,6.515705313047311e-05,0.0002808214227886591,0.00028337835098244855,4.772316186771326e-06,5.409309663281192e-05,0.00020589108147530747,2.0687479063071653e-05,0.0001511623135587582,0.0,8.275426029879081e-05,4.6891586645857735e-05,0.0003427900369130742,0.0003571068765504325,0.0,5.3742467740967684e-05,0.00013945519121517499,0.0003298857551786049,2.3215773817711762e-05,0.00031708353319948084,0.00013475195712775884,5.917119152074948e-05,0.00018935382329543054,0.0003193416675106458,0.00015822061578067101,0.00015742988404647112,7.962749135942628e-05,0.0003215150127069806,0.00011287923801135669,0.00030362993895059596,5.880880920375164e-05,6.49870527756584e-05,0.0003546544158611879,1.7316745184098104e-05,0.00027765320546862697,0.00014848622811795953,0.00029194990520271314,0.00025484266293013047,1.724158936461702e-05,1.2931197607269166e-05,1.583082158293711e-05,0.00012560892108470694,1.649452602979874e-05,0.0001666804668435921,0.00035453449093401007,2.4867258130262842e-05,0.00033892929121766415,0.0002306299544853399,3.410648929292502e-05,2.249587854950592e-05,1.7131916593050062e-05,0.00012888776810844577,2.0810160038325398e-05,2.8392745500469603e-05,2.564149010311474e-05,1.8375715707612102e-05,0.0002107850662515021,0.0002152541342578004,0.00018224610539637175,8.362259569538276e-06,1.6194116771041456e-05,4.350942107496872e-05,0.00017657106398652256,0.0001617886391678807,0.0001822675602514099,0.00018299685018621399,4.443930042635252e-05,0.0,1.7795468133978645e-05,7.416141667583946e-05,0.0,4.695126137728262e-05,0.000466062099874475,0.00046383805285488627,4.037225201935295e-05,0.00023773593997360258,0.00025180441162218475,0.00019178881703611197,4.015793383016993e-05,0.00017043937084782384,0.0001761918171669359,0.00020305118656061553,4.4247497474810144e-05,7.848903560759848e-05,5.49114451291575e-06,0.0,4.168988639002053e-05,0.0,4.3975982268525895e-05,3.928508279673842e-05,4.198451384882408e-05,4.076919368149644e-05,2.5375795320829897e-06,0.0,8.742184544162633e-06,0.00011187827860086258,0.0001260489999805853,0.00011261886297162302,2.863487398211254e-05,8.162820294450075e-05,4.950120368401787e-05,3.5253388220203254e-05,2.1592190433242142e-05,2.282332809486951e-05
0.2246333882482653,0.0008720978410224012,0.0007700649812993491,8.962876478695507e-05,0.0008702001822310656,0.00011811640090889677,0.0008735731256785773,0.0,0.28147978708198135,0.0013114957934914995,0.005652436643691252,0.0057039030684188936,9.6058251615968e-05,0.001088797993193509,0.0041442219115031455,0.0004164022230230797,0.0030426289839992154,0.0,0.0016656963300356155,0.2788884822725593,0.0068997548210484585,0.007187927383470652,0.0,0.0010817404561405445,0.002806985397160587,0.006640014541221858,0.00046729230745917803,0.006382328543063766,0.002712317645549715,0.0011910110271553848,0.003811356266162162,0.006427780777441239,0.0031847000757457044,0.003168784049876537,0.0016027600228489638,0.006471526357479833,0.002272058644640931,0.006111531577623627,0.001183716914522226,0.0013080739881838662,0.007138563704127961,0.00034855533476063947,0.005588666054193156,0.0029887641354523755,0.005876433236120783,0.005129530332898454,0.22941157385595873,0.0002602820485570615,0.0003186463309192584,0.0025282845634182634,0.000332005523030627,0.0033549818572186714,0.007136149828269984,0.0005005337544686189,0.006822044864934704,0.004642171501448668,0.0006865030735638672,0.00045280209388067546,0.22886487522932658,0.0025942819324294825,0.00041887157323547403,0.0005714955557455268,0.0005161176694370968,0.0003698705312020599,0.004242729135802224,0.004332683539960912,0.0036682905245720133,0.00016831743798438183,0.00032595881802699293,0.2690725293901944,0.0035540620169996497,0.0032565180515223956,0.0036687223727109425,0.0036834016842478847,0.0008944842158248037,0.0,0.0003581911777715097,0.0014927376444568723,0.0,0.27717089277501644,0.009381002579524584,0.009336236461804722,0.0008126217524161929,0.004785202372685377,0.005068375728469645,0.0038603683668427613,0.0008083079077888212,0.0034306419209084236,0.003546428451872219,0.004087059869089741,0.2706819280175766,0.001579844929887215,0.00011052698954512458,0.0,0.2649812332720839,0.0,0.2718217887643427,0.2592341669466493,0.0008450737204805586,0.0008206114833071874,5.1076970520947215e-05,0.0,0.00017596465316866046,0.002251911108906159,0.0025371425702343953,0.002266817757385686,0.24714205336815895,0.0016430307948030083,0.0009963713410174589,0.2587371911834141,0.00043461245659405756,0.0004593930718437996
0.00012667048025184156,0.0002651572039412737,0.00023413459785090771,2.7251199975174167e-05,0.00026458022980434064,3.591273035132432e-05,0.0002656057572297334,0.0,0.00028881125870731526,0.0003987540631625247,0.0017185964984608555,0.0017342446203064926,2.920605488957193e-05,0.0003310438553472409,0.0012600309768891036,0.19119262485443284,0.0009250968825723616,0.0,0.0005064470529702181,0.000286971399178095,0.0020978376624401457,0.0021854551605122465,0.0,0.0003288980447470425,0.0008534505698839006,0.0020188648647675796,0.00014207800528881137,0.001940516661673403,0.0008246672899125633,0.23744745494345204,0.0011588247593582257,0.0019543361975253495,0.0009682929228288305,0.0009634537308037959,0.00048731156787322775,0.001967636833236389,0.0006908086330053359,0.0018581821312866397,0.23359568889679191,0.244998298156895,0.002170446368407661,0.00010597659303409721,0.0016992073537919752,0.0009087195313629425,0.0017867015978512597,0.0015596093197625149,0.00010551664761071561,7.913751988032329e-05,9.688290255786351e-05,0.0007687129059027799,0.00010094470143012308,0.001020066289226089,0.002169712440924923,0.2024501780951017,0.00207421031959824,0.001411430183219976,0.00020872799692965853,0.0001376723247146188,0.00010484546220285122,0.0007887790922999161,0.0001273559111663342,0.19124733475856945,0.0001569231245569749,0.00011245737721221198,0.001289981630284299,0.001317331839362856,0.0011153263005438388,5.117611709504394e-05,9.91062295105714e-05,0.00026627291453392614,0.0010805956656843782,0.0009901288370507302,0.0011154576019181334,0.0011199207768279066,0.0002719636748092986,0.0,0.000108906325307467,0.0004538597866015133,0.0,0.0002873366020299823,0.002852249251341423,0.002838638325998473,0.22795227062605664,0.0014549180398691203,0.0015410155529215525,0.0011737266556414686,0.22862984282549137,0.0010430703720185359,0.0010782747164856962,0.0012426511295543815,0.00027078986165201944,0.00048034434276157244,3.3605205894643234e-05,0.0,0.0002551375605878942,0.0,0.00026912821818420555,0.00024042042471606628,0.22771562873427395,0.2243346297635898,1.5529710144962213e-05,0.0,0.1606251599897435,0.000684682870515801,0.0007714061407777852,0.0006892151661425543,0.00017524230762324116,0.000499555704700092,0.0003029419710082971,0.00021574689335478024,0.00013214185194338575,0.00013967628024086083
0.0004938883670479832,0.0010338482826085346,0.000912891101163563,0.00010625246410274934,0.0010315986596991387,0.0001400237822907619,0.0010355971924629142,0.0,0.0011260754728681535,0.0015547426102556735,0.0067008099799706405,0.006761822027373828,0.00011387444595335969,0.0012907404220277334,0.00491286241568179,0.0004936335155263034,0.0036069539468585165,0.0,0.0019746377174099973,0.0011189018581737303,0.008179471770963459,0.00852109250976247,0.0,0.0012823739037101328,0.0033276048806170234,0.007871556730251767,0.0005539623271816373,0.007566076984612584,0.0032153788346190497,0.0014119111951348055,0.00451825924206114,0.007619959372851015,0.00377537536393052,0.0037565073479387573,0.0019000284361596718,0.007671818568766001,0.002693463757454214,0.007245054543681324,0.001403264222898177,0.00155068615308503,0.008462573209850142,0.00041320287390445904,0.006625211679720011,0.0035430986332186695,0.006966351850962938,0.006080918763700086,0.00041140954610122127,0.0003085572928137056,0.000377746562924841,0.0029972126186796743,0.0003935835220040931,0.003977239786767483,0.008459711625641565,0.000593369158944738,0.008087348730530743,0.005503168117834745,0.0008138307311682181,0.0005367845728998435,0.00040879259332408203,0.0030754507055082594,0.000496560863073971,0.0006774924452665248,0.0006118434664921457,0.0004384714598335235,0.005029640052175816,0.0051362785529012675,0.004348658694638971,0.00019953574703179662,0.0003864153176015702,0.001038198439658605,0.004213243904206539,0.0038605136218467515,0.004349170638867908,0.004366572563638816,0.001060386721364629,0.16735855146315068,0.00042462590384407563,0.0017695998975271023,0.0,0.0011203257845676402,0.01112092353607674,0.011067854520483863,0.0009633409964195054,0.0056727273274008614,0.00600842164263371,0.004576361755027196,0.0009582270508853443,0.004066932735457738,0.004204194520265944,0.004845098368347135,0.001055810022339604,0.001872863216398841,0.0001310267414366681,0.0,0.0009947816801581049,0.0,0.0010493312723001082,0.0009373995482761604,0.0010018119223551543,0.0009728126051904612,6.0550360028435925e-05,0.0,0.00020860131274370774,0.0026695794015500983,0.003007713544955855,0.0026872508280863013,0.0006832699850642957,0.0019477683415528545,0.0011811711384855995,0.0008411974174473746,0.0005152212523806734,0.0005445979980998164
0.004288575591561402,0.008977203769089549,0.007926897565140081,0.0009226208886390604,0.008957669642466725,0.0012158670157783403,0.008992390059380533,0.0,0.009778039146909374,0.013500279930373721,0.05818507185248449,0.05871485711316682,0.0009888047623739845,0.011207872544226193,0.04265980583127473,0.0042863626420605256,0.03132022474803634,0.0,0.017146350637244904,0.009715748574921109,0.07102472001615581,0.07399111173487846,0.0,0.011135223644925987,0.02889455597966799,0.06835100462625172,0.00481021516905846,0.06569843560808467,0.027920064751050744,0.012260033426377784,0.03923335230118425,0.06616631197536088,0.032782676643124196,0.032618840201040916,0.016498496660876598,0.0666166203783069,0.02338812512636314,0.06291090486961015,0.012184949264552788,0.013465056539075376,0.07348297172190489,0.003587960109247774,0.0575286299379761,0.03076575058395719,0.060490848749563106,0.05280237706375924,0.003572388125055063,0.0026792922507335765,0.003280082702167182,0.026025664374355852,0.0034175996000803473,0.03453552383358883,0.07345812375825787,0.0051523960911363026,0.07022478900141745,0.04778560104071468,0.007066727710578985,0.004661055758459132,0.0035496643669082817,0.026705028319510125,0.004311781647808687,0.005882862926299677,0.005312813848882589,0.0038073745520223077,0.04367381983711556,0.04459979279344445,0.03776066167609913,0.0017326266246748755,0.0033553560072220523,0.009014977441419382,0.03658481587018138,0.033521956770311584,0.037765107035963696,0.037916212983780964,0.009207644711377375,0.0,0.0036871495833257386,0.015365947922047287,0.0,0.009728112939794902,0.0965661967652821,0.0961053831480266,0.008364968602699955,0.04925793271723509,0.05217286358539554,0.03973787323251122,0.008320562733970013,0.03531435365861045,0.036506237451098,0.042071391001579854,0.009167903909531884,0.016262613197773328,0.0011377431068598724,0.0,0.008637977156574756,0.0,0.009111647048392837,0.008139711502634473,0.008699022783685267,0.008447213322150883,0.0005257762956238589,0.0,0.0018113455547605906,0.023180730353405066,0.026116846955524933,0.02333417646302738,0.0059330309760233235,0.016913036072356127,0.01025645075271432,0.00730436056575273,0.004473815207311382,0.0047289019901883365
0.004259060776775978,0.008915420899491298,0.007872343107963553,0.0009162712314944072,0.008896021210542934,0.001207499181515371,0.008930502674766598,0.0,0.009710744771836798,0.013407368367270958,0.057784630824376744,0.05831076999942735,0.0009819996148844926,0.01113073777646499,0.04236621271602926,0.004256863057225758,0.031104672844440396,0.0,0.017028346103455178,0.00964888289573038,0.07053591402178602,0.0734818904533603,0.0,0.011058588861078187,0.028695698002272174,0.06788059966337523,0.004777110328823825,0.06524628614324134,0.027727913412609655,0.012175657481937247,0.038963340708323614,0.0657109424939811,0.03255705985996755,0.03239435097227615,0.016384950784678946,0.06615815178655222,0.023227163481512762,0.06247793973571731,0.01210109006397796,0.0133723873902307,0.07297724755919638,0.003563267067042734,0.05713270667132796,0.030554014679847957,0.060074538914528505,0.05243898079243464,0.003547802252286466,0.0026608528381948256,0.003257508532406521,0.025846550669286008,0.0033940790121710215,0.03429784361373412,0.07295257060408804,0.005116936294967557,0.06974148828851859,0.04745673120176349,0.007018093110333823,0.004628977462419266,0.0035252348834812295,0.026521239099089093,0.0042821071244119975,0.005842375914710231,0.00527625002637524,0.003781171456770171,0.04337324807944365,0.044292848309043405,0.03750078542773871,0.0017207023498596677,0.0033322637918750306,0.008952934606030916,0.036333032022301474,0.03329125211693729,0.0375052001937685,0.0376552662009417,0.009144275902208888,0.0,0.003661773899788262,0.015260196467458478,0.0,0.009661162166630337,0.09590160933964172,0.09544396713169764,0.008307399255087108,0.04891893000413783,0.05181379974877386,0.03946438942806764,0.00826329899621829,0.035071313379793474,0.03625499439524469,0.041781847472110514,0.009104808604323129,0.016150690717637098,0.0011299129365957789,0.0,0.008578528910775226,0.0,0.009048938913889477,0.008083692418377275,0.008639154409957672,0.008389077950316277,0.0005221578004725926,0.0,0.0017988795208946247,0.02302119603988665,0.0259371057141234,0.023173586103414322,0.005892198698117796,0.016796637254968598,0.01018586385553619,0.0072540905297882605,0.004443025537312833,0.004696356763131254
0.0042238664629163855,0.008841749229192994,0.007807290804492595,0.0009086997177283741,0.008822509847593458,0.0011975211353200254,0.008856706377758223,0.0,0.009630501023925516,0.013296577947720727,0.05730713342763065,0.05782892490532939,0.0009738849613334795,0.011038760061347646,0.042016123843031536,0.00422168690399727,0.03084764255631759,0.0,0.01688763410410014,0.00956915033711593,0.06995304769830157,0.072874680354431,0.0,0.010967207341156417,0.02845857403179045,0.067319675258972,0.004737635165386078,0.06470713011963644,0.027498786631269437,0.012075045179524744,0.038641371120713024,0.06516794683006538,0.0322880279200372,0.03212666356062594,0.016249555416847052,0.06561146065430946,0.023035228187681327,0.06196165965999035,0.012001093941810094,0.013261886032412528,0.07237420752529675,0.003533822373459848,0.05666059638325621,0.030301534699243605,0.05957811909608936,0.05200565662891258,0.0035184853506212907,0.002638865152451466,0.0032305904432552773,0.02563297033687963,0.003366032386804705,0.03401442688499639,0.07234973448568728,0.0050746530143563435,0.0691651866209666,0.04706457734902377,0.006960099814495506,0.004590726379798019,0.003496104464963946,0.026302083547731777,0.00424672236941185,0.005794098037871925,0.0052326502730111885,0.003749926132511792,0.04301483767254322,0.04392683887954099,0.037190901516355734,0.0017064835016830648,0.003304727970270018,0.008878952945048937,0.03603279772195144,0.0330161532542558,0.03719527980141721,0.03734410575346255,0.009068713111962752,0.0,0.003631515205050975,0.01513409539208445,0.0,0.009581328139514572,0.09510913618285,0.09465527565456391,0.008238751909565589,0.04851469342089179,0.05138564170497227,0.03913827947552077,0.008195016068683099,0.03478150516261866,0.03595540495085786,0.04143658744163961,0.009029571948063284,0.01601723113395019,0.0011205760164134213,0.0,0.008507641113027486,0.0,0.008974163931111985,0.00801689365145943,0.008567765639587577,0.008319755661236494,0.0005178430028030513,0.0,0.0017840146636474159,0.02283096273697888,0.025722777089350092,0.022982093540776304,0.005843509115795934,0.016657839958024508,0.01010169400958856,0.007194147093370682,0.0044063110494381745,0.004657548898538305
0.004311256628542407,0.009024681605570588,0.007968820635628414,0.0009275003638978963,0.009005044168597076,0.0012222973850606533,0.009039948211762353,0.0,0.009829752370276395,0.013571679009582501,0.058492795883052,0.059025383024879474,0.0009940342650150314,0.01126714774323497,0.0428854212163843,0.0043090319753911225,0.03148586836573574,0.0,0.017237032730772154,0.00976713236145376,0.07140034923542894,0.07438242934271697,0.0,0.011194114624900617,0.029047370936227015,0.06871249333748426,0.004835655007020202,0.06604589564832583,0.02806772590511241,0.01232487320023631,0.03944084616375785,0.06651624647850052,0.032956054746273916,0.03279135182059429,0.016585752441941208,0.06696893643245852,0.02351181816140051,0.06324362246532277,0.012249391939977419,0.013536269331946514,0.0738716019240583,0.0036069357934083485,0.0578328822369579,0.030928461748036047,0.06081076736781036,0.05308163357709306,0.003591281453491274,0.0026934622531794667,0.003297430111692852,0.026163306592273502,0.00343567429673912,0.03471817223898697,0.07384662254671216,0.0051796456251106595,0.07059618761671958,0.0480383252754225,0.007104101591280476,0.004685706735402657,0.003568437515954418,0.026846263497009498,0.004334585414915043,0.0059139756882731695,0.00534091178601976,0.0038275106557638093,0.04390479804926983,0.0448356682089749,0.03796036690353828,0.0017417899861942227,0.0033731015155054993,0.009062655051937452,0.03677830238895176,0.03369924471241506,0.037964835773626554,0.03811674087713486,0.009256341283408803,0.0,0.003706649851950702,0.015447213980118866,0.0,0.009779562117880287,0.09707690747404472,0.09661365674673454,0.008409208504311132,0.04951844368870214,0.05244879078386062,0.039948035360492976,0.008364567785773996,0.03550112106988503,0.03669930839131763,0.042293894430696685,0.009216390303946744,0.016348621459367746,0.0011437603013643481,0.0,0.00868366092153272,0.0,0.009159835916526375,0.008182760084538736,0.00874502940132391,0.008491888192315966,0.0005285569745113304,0.0,0.0018209252379527772,0.02330332653742169,0.02625497141176422,0.023457584179174578,0.005964409062314125,0.01700248423257347,0.010310694156811922,0.007342991217953526,0.004497475923089103,0.00475391178624511
0.00018212859069322932,0.0003812467417030992,0.00033664200415385934,3.9182157013300506e-05,0.0003804171602077333,5.163582670428511e-05,0.0003818916779038269,0.16374016630671803,0.00041525687295194627,0.0005733341770916177,0.0024710221166974996,0.0024935212054597398,4.1992874789542786e-05,0.00047597949192404465,0.0018116901869667384,0.00018203461045077692,0.0013301172549644185,0.0,0.0007281766662194691,0.0004126114971511742,0.0030163003740395766,0.003142278039966252,0.0,0.00047289421538817183,0.0012271031830798512,0.0029027521794277767,0.00020428174599409249,0.0027901020356490597,0.0011857181799892666,0.0005206629945363992,0.0016661744698742936,0.002809971957857812,0.0013922251266626816,0.0013852672685898204,0.0007006633977293115,0.0028290957981760897,0.0009932543282210296,0.002671720294655289,0.0005174742964979463,0.0005718382989195676,0.0031206981884603553,0.00015237462980637455,0.00244314413292204,0.0013065696700091136,0.002568944582502758,0.002242428124339912,0.00015171331383449422,0.0001137850345092629,0.00013929959427051757,0.0011052661829450586,0.00014513970557990241,0.0014666655980229359,0.00311964293724605,0.00021881359410300203,0.0029823286495693864,0.002029374086374821,0.0003001120374963348,0.0001979471967571517,0.00015074827405422994,0.0011341176268002651,0.00018311411286245076,0.00024983529172638736,0.00022562626640333135,0.00016169279206959734,0.0018547536559167521,0.0018940781696056492,0.0016036317765376858,7.358173794826623e-05,0.00014249632490374718,0.0003828509260202131,0.0015536955832884088,0.0014236211099717057,0.0016038205634926947,0.0016102377788906178,0.00039103318085074654,0.0,0.00015658703990378985,0.0006525659580805269,0.0,0.00041313659092676524,0.0041010039230910695,0.004081433943994014,0.0003552461441511335,0.002091901535769745,0.00221569374594575,0.0016876006250710505,0.000353360301610266,0.0014997411904644337,0.0015503584900225895,0.0017867011990411925,0.0003893454558524091,0.0006906458238785973,4.831803572054584e-05,0.0,0.00036684035815129096,0.0,0.00038695632160087813,0.00034567985406187954,0.0003694328632374782,0.00035873893902573753,2.2328834760498145e-05,0.0,7.692479847997303e-05,0.0009844466211141943,0.0011091385537706476,0.0009909632192471175,0.0002519658444003276,0.000718268189154261,0.0004355742090175595,0.0003102039050852759,0.00018999540554510787,0.00020082851208082236
0.0017533473562184822,0.003670252781772002,0.0032408440966276188,0.00037720563887700374,0.00366226642160674,0.0004970968033822253,0.0036764615663355442,0.0,0.003997667458857222,0.005519473685087145,0.2732947065458159,0.2745287580859037,0.0004042643481290372,0.00458224258257693,0.23776082105158622,0.0017524426107910149,0.21984154070017653,0.0,0.0070101384286578,0.003972200492639377,0.2860290935822298,0.2936515621255339,0.0,0.004552540703059907,0.011813291442441956,0.2744965033115815,0.0019666152244363286,0.2711356852865266,0.011414879059851299,0.005012409537000446,0.22420543121815573,0.2744585941098425,0.013402916235192174,0.013335933110738404,0.006745268885745666,0.2704184427091179,0.009562034405527567,0.2668347491245029,0.0049817120212824586,0.005505072903594211,0.2858932353389304,0.001466906724028742,0.2579442280779919,0.012578313310974833,0.26317676402221524,0.24984264650480847,0.0014605402518207927,0.0010954056618715246,0.001341033686182248,0.2115889361361895,0.0013972562906912729,0.014119552778407969,0.030032723997624192,0.0021065129602379612,0.028710802808026722,0.01953673322557514,0.0028891710275178784,0.0019056326784497209,0.001451249838157942,0.20609362769796036,0.0017628349533240328,0.002405158062065973,0.0021720983849156557,0.001556612437485646,0.25577690265597935,0.2584441644610606,0.01543812272986981,0.000708369538283315,0.0013718085314878739,0.003685696223796087,0.2397449713244513,0.013705164575890523,0.015439940177131628,0.24209477795108744,0.003764466585003055,0.0,0.0015074594899591144,0.18424543719709435,0.0,0.003977255557194015,0.03948026149559755,0.03929186179964389,0.0034199456838895693,0.020138683406325925,0.02133042789633921,0.24925185130876976,0.0034017907252381643,0.23800230858346774,0.014925262142123629,0.25533768079204927,0.0037482188989445653,0.19062708311836138,0.0004651565131307997,0.0,0.00353156289010212,0.0,0.003725218763668556,0.0033278512500998503,0.0035565208712820527,0.0034535707321913796,0.00021495912995177083,0.0,0.0007405530978366828,0.2217499320777072,0.23392401459180134,0.22218575308227242,0.002425668839006149,0.1952061965233036,0.004193261941527149,0.0029863251826619257,0.0018290809846943884,0.0019333710285130514
0.00037205240612387823,0.0007788110973550727,0.0006876925098419715,8.004133639004755e-05,0.0007771164277249396,0.00010548170111239469,0.0007801285734545902,0.0,0.0008482870160757946,0.0011712074380418518,0.005047805622408522,0.0050937667758865395,8.578307253156028e-05,0.0009723312224726134,0.0037009219181151445,0.0003718604232221306,0.002717164412532825,0.0,0.0014875197777516722,0.0008428830406316706,0.00616170040893803,0.006419047668626855,0.0,0.0009660286175144358,0.0025067271980164776,0.005929744081512756,0.00041730688649706054,0.0056996222929262125,0.002422185886195585,0.001063610711308998,0.0034036623145184916,0.0057402125832212315,0.002844038414119392,0.002829824897023459,0.0014313156545926824,0.005779278776934486,0.002029020601878123,0.005457791993739128,0.001057096836836609,0.0011681516571177193,0.006374964333627091,0.00031127099504759076,0.004990856458622304,0.0026690613903347124,0.00524784170064181,0.004580833662880449,0.0003099200583406756,0.00023244014412523298,0.00028456130376433396,0.0022578384931594966,0.00029649148702890296,0.0029961054584926074,0.006372808665745112,0.0004469925554728515,0.006092302947610281,0.004145606732514336,0.0006130690696735394,0.00040436666510544107,0.0003079486744361168,0.0023167762418436566,0.0003740656314662128,0.0005103636999971525,0.0004609094869761559,0.0003303061431124226,0.003788892001109305,0.003869224143810883,0.003275900059000104,0.00015031282318842898,0.00029109158722667234,0.0007820881261443297,0.0031738903702392984,0.0029081741496910945,0.0032762857131172778,0.0032893948049974964,0.0007988028417506573,0.0,0.00031987610919446117,0.0013330621729091305,0.0,0.0008439557025454633,0.008377533539912347,0.00833755597360527,0.0007256970593940514,0.004273337847698523,0.004526220656927264,0.003447431678595791,0.0007218446589981008,0.0030636723007165145,0.0031670733538978093,0.0036498743969713603,0.0007953551560022705,0.001410851748072044,9.870411548556977e-05,0.0,0.0007493817274599213,0.0,0.0007904746309652525,0.0007061550356412796,0.0007546776985731496,0.0007328321430854552,4.561335849009378e-05,0.0,0.0001571420294646379,0.002011028211946044,0.0022657489748558663,0.00202434032294338,0.0005147159944155961,0.001467278734216979,0.0008897912836949912,0.0006336847434920085,0.00038812274073214627,0.000410252617963765
2.474355242306525e-05,5.179526566118727e-05,4.573537326501932e-05,5.323193642564196e-06,5.16825607138659e-05,7.01511926327824e-06,5.188288514273873e-05,0.0,5.6415800318969904e-05,7.789180277958852e-05,0.0003357071234688425,0.00033876379557145275,5.705051001577284e-06,6.46654293315431e-05,0.00024613187278800405,2.473078449329101e-05,0.00018070653213624868,0.0,9.89283310504644e-05,5.60564059231973e-05,0.00040978731644868616,0.00042690233924179877,0.0,6.424627107959349e-05,0.00016671128801621626,0.0003943609317430915,2.7753226837372284e-05,0.0003790565540644136,0.00016108882100209773,7.073602255980372e-05,0.00022636245734064295,0.000381756033920614,0.0001891443582535081,0.00018819908038514714,9.51904445460728e-05,0.00038435415288504734,0.00013494114485940043,0.00036297349536910494,7.030281371117939e-05,7.76885763678112e-05,0.00042397055250262863,2.070125083716112e-05,0.0003319196876227083,0.00017750741386184462,0.0003490106342291566,0.0003046508932966953,2.0611406039284257e-05,1.545856120460773e-05,1.8924907946769754e-05,0.00015015880612180544,1.9718331427346173e-05,0.00019925766170844235,0.0004238271886098907,2.9727488781190173e-05,0.00040517199964350677,0.00027570588396417123,4.0772499827285716e-05,2.6892630208780695e-05,2.0480298055071428e-05,0.0001540784939137945,2.4877443095394102e-05,3.3942022031983335e-05,3.065304205957849e-05,2.1967193957728257e-05,0.00025198237213809485,0.0002573249060163243,0.0002178655574010795,9.996637998313235e-06,1.9359208084406933e-05,5.2013206285422526e-05,0.00021108134625241377,0.00019340974105762262,0.0002178912055428693,0.00021876303299733007,5.312482775335115e-05,0.0,2.1273538744711048e-05,8.865604204048551e-05,0.0,5.612774390101785e-05,0.0005571525325703427,0.0005544938022641172,4.826288699340459e-05,0.0002842007128984698,0.0003010188249279885,0.0002292733632687992,4.800668096010695e-05,0.00020375123217085612,0.0002106279767849997,0.00024273692897176067,5.289553749302942e-05,9.382948104888864e-05,6.5643721574973455e-06,0.0,4.983804903043119e-05,0.0,5.257095545803157e-05,4.6963233822989404e-05,5.019026053804225e-05,4.873740970702043e-05,3.033541803290781e-06,0.0,1.0450818164123099e-05,0.00013374455094904573,0.00015068489711147267,0.00013462988030292868,3.423147379558117e-05,9.758218918024767e-05,5.91760647460049e-05,4.214355669311408e-05,2.5812318973935186e-05,2.7284078780843233e-05
0.0005467916911976544,0.2004205566668734,0.1941258492943386,0.00011763379827696148,0.0011420993354138342,0.00015502256346770635,0.0011465261748336043,0.0,0.0012466961226603572,0.20394517547897453,0.0074185736409262265,0.007486121052059678,0.00012607221599326325,0.0014289993151208403,0.0054391083656178795,0.0005465095410118209,0.0039933162638819755,0.0,0.208757953832192,0.0012387540993764135,0.009055623701932759,0.009433837472450564,0.0,0.0014197366092027796,0.2560200184054342,0.008714726047545238,0.0006133005309477308,0.008376524547187864,0.2549026787057185,0.0015631494113196166,0.005002236896168925,0.008436178598905589,0.004179778301903127,0.004158889220357545,0.2124334156735198,0.008493592742121782,0.23812415188963984,0.008021115480887367,0.0015535762103931288,0.0017167893814347948,0.00936904982183628,0.00045746349439325774,0.007334877556540227,0.2626167930054343,0.007712559283049205,0.0067322821849660685,0.00045547807256956656,0.0003416087019368577,0.00041820924679869585,0.0033182619109706404,0.0004357425968756191,0.23499622002407078,0.2972835942224977,0.0006569284631326443,0.28994926538170573,0.2564584932701506,0.0009010049872279342,0.0005942827651095503,0.0004525808023962496,0.003404880545195152,0.0005497504541879695,0.0007500626956150333,0.0006773816637778244,0.0004854387490381682,0.005568394750179411,0.005686455935760621,0.24164433261662108,0.00022090920915192043,0.00042780656341216,0.0011494060571071156,0.00466454954907954,0.23226614900020573,0.24300868879121149,0.004834302154311279,0.18783722362908734,0.0,0.00047011011309500454,0.0019591522806975395,0.0,0.0012403305510060008,0.29450854573714197,0.29334284407341893,0.0010665301873390334,0.24809495521674846,0.25537818566971915,0.005066563115305116,0.0010608684566446455,0.004502566119748251,0.22979968738949677,0.0053640857076314545,0.0011689041212878321,0.0020734767485971347,0.00014506179598944258,0.0,0.0011013386699453246,0.0,0.0011617313937499947,0.001037809996201108,0.0011091219632499026,0.0010770163565298337,6.703626967459773e-05,0.0,0.00023094584159359476,0.00295553394886538,0.00332988765399434,0.002975098267133008,0.0007564591021063772,0.002156405407773988,0.19753546306050246,0.0009313030822458351,0.000570409668917818,0.0006029331328124294
0.0,0.0,0.0,0.0,0.0,0.0,0.0,0.0,0.0,0.0,0.0,0.0,0.0,0.0,0.0,0.0,0.0,0.0,0.0,0.0,0.0,0.0,0.0,0.0,0.0,0.0,0.0,0.0,0.0,0.0,0.0,0.0,0.0,0.0,0.0,0.0,0.0,0.0,0.0,0.0,0.0,0.0,0.0,0.0,0.0,0.0,0.0,0.0,0.0,0.0,0.0,0.0,0.0,0.0,0.0,0.0,0.0,0.0,0.0,0.0,0.0,0.0,0.0,0.0,0.0,0.0,0.0,0.0,0.0,0.0,0.0,0.0,0.0,0.0,0.0,0.0,0.0,0.0,0.0,0.0,0.0,0.0,0.0,0.0,0.0,0.0,0.0,0.0,0.0,0.0,0.0,0.0,0.0,0.0,0.0,0.0,0.0,0.0,0.0,0.0,0.0,0.0,0.0,0.0,0.0,0.0,0.0,0.0,0.0,0.0,0.0,0.0
0.0004977833592635948,0.1945167683923704,0.18841341280537968,0.00010709041159894857,0.0010397342405656816,0.00014112806329515744,0.0010437643072853625,0.0,0.0011349561339520106,0.19790388079593835,0.006753655125658681,0.006815148337360422,0.00011477250330829704,0.001300919693765237,0.004951607124288364,0.0004975264978855199,0.003635399762719813,0.0,0.20254841956545416,0.001127725945393417,0.008243978208047906,0.008588293098414532,0.0,0.0012924871938900762,0.24834397119481913,0.007933634831771619,0.0005583310855814582,0.00762574595623451,0.2472666779373205,0.0014230460658487191,0.004553891959391844,0.007680053281557413,0.0038051494153855383,0.003786132599016372,0.2061218824254496,0.007732321458889806,0.2310115655758907,0.007302191809776479,0.0014143309002878552,0.001562915456097822,0.008529312292962029,0.00041646154951762636,0.006677460628350908,0.25473426647306857,0.007021291161222251,0.006128875210599105,0.0004146540788466885,0.00031099069342357017,0.0003807256165333731,0.003020849781644392,0.000396687471918042,0.227888679293383,0.288062456458942,0.0005980486946642931,0.2809665883829534,0.24862391894707309,0.0008202489110125266,0.0005410178609714011,0.0004120164877808679,0.0030997048838948666,0.0005004769316135294,0.0006828354093379838,0.0006166686976540053,0.00044192941316218234,0.00506930571380629,0.005176785206460129,0.234318371075502,0.0002011093621101805,0.0003894627363189764,0.0010463860689095235,0.004246471154136407,0.2252459050662377,0.23564297464816417,0.0044010090219136575,0.18229797557017677,0.0,0.00042797466583234696,0.0017835556379038452,0.0,0.0011291611014144858,0.2851898925772662,0.2840616817250373,0.000970938271294516,0.240492494644848,0.2475412086688696,0.004612452690957103,0.0009657839952335081,0.00409900611965325,0.2228282189931463,0.0048833086638059705,0.0010641365432551657,0.0018876333307313177,0.00013206006834206408,0.0,0.001002626908268271,0.0,0.0010576066993194491,0.000944792238987377,0.0010097125936392405,0.0009804845767882404,6.1027883284091644e-05,0.0,0.00021024642233428083,0.002690632723883129,0.003031433522234153,0.0027084435140354635,0.0006886585130203066,0.0019631291862990236,0.19170579324952147,0.000847831421427533,0.000519284483874331,0.0005488929058254533
0.0002811864417164603,0.0005886028893511561,0.0005197380977913673,6.0492925725775126e-05,0.0005873221070867797,7.972001716370538e-05,0.0005895985996607045,0.0,0.0006411107781552869,0.0008851646880767308,0.0038149854108692426,0.0038497215205971947,6.483236374131427e-05,0.000734859799632251,0.0027970496846585653,0.00028104134659511637,0.002053554230917434,0.0,0.0011242244006603344,0.0006370266099003708,0.004656834855504907,0.00485133046700026,0.0,0.0007300964731960705,0.0018945118740327058,0.004481528975825647,0.00031538846836220546,0.004307609587510946,0.0018306179971011762,0.000803846195755851,0.0025723894786617873,0.004338286554272703,0.002149441929707309,0.0021386997648114568,0.0010817469508690061,0.004367811652943827,0.0015334750530320068,0.004124841245717176,0.0007989231979347617,0.0008828552172855765,0.004818013558135942,0.00023524961017946393,0.0037719448809326005,0.002017199358794413,0.003966166889949924,0.0034620615175687337,0.0002342286113111617,0.00017567153433990578,0.21391720408855086,0.001706408993496972,0.00022407968572341568,0.0022643698011733694,0.004816384366733662,0.00033782403789994444,0.004604386262527901,0.003133129598638803,0.00046333986124128294,0.24265629080137,0.00023273869640601415,0.0017509524383517783,0.0002827079791694285,0.00038571811503260167,0.2605503303017236,0.0002496358242283361,0.002863534927617575,0.002924247636337954,0.002475830463255436,0.00011360208186004033,0.0002199985977206973,0.0005910795728760754,0.002398734492550428,0.0021979138626270762,0.002476121929476745,0.0024860294017555445,0.0006037120712238513,0.0,0.00024175310642809956,0.0010074898127720347,0.0,0.0006378372967330307,0.006331497411856326,0.006301283524153022,0.0005484608365284155,0.0032296650790817325,0.0034207865881161793,0.002605469097388912,0.0005455493037938476,0.0023154348652080093,0.002393582388877302,0.002758469445443322,0.0006011064101078667,0.0010662809225261047,7.459771408363608e-05,0.0,0.0005663610232415203,0.0,0.0005974178505224995,0.000533691540503084,0.0005703635649486852,0.0005538533263000498,0.15535559336426957,0.0,0.00011876339833306301,0.001519876925403471,0.0017123875066415001,0.0015299378336558129,0.0003890074532029267,0.0011089268057127742,0.000672478502529051,0.000478920590915888,0.0002933319355536569,0.00031005705634835787
0.0015848957530484532,0.003317635849972375,0.0029294822995684995,0.0003409658747662303,0.003310416773693311,0.0004493385807097763,0.0033232481299643856,0.0,0.0036135943942720446,0.004989194167106764,0.2683337423841594,0.26953607405882,0.0003654249377262436,0.004142006877762676,0.2337226488114065,0.001584077930395974,0.21639121579692203,0.0,0.0063366443531324215,0.003590574148763624,0.2804835357686378,0.2879207546691744,0.0,0.0041151585852454335,0.010678337849169961,0.26916791117869643,0.0017776740621503967,0.2659356934245768,0.010318202653545222,0.004530845847262718,0.22043218237772172,0.26920664347364476,0.012115240567866848,0.012054692799567442,0.006097221963618738,0.2651941018631314,0.008643368734709186,0.2617781481012317,0.00450309757358607,0.004976176930477764,0.28026335351020776,0.0013259747013538551,0.25317077666980775,0.011369860784500896,0.25824383629798137,0.24532099282864414,0.001320219883445987,0.000990165340146711,0.0012121948263058922,0.20841185954022762,0.0012630158839791747,0.012763026763678985,0.0271473513491184,0.0019041312222486126,0.025952432799849066,0.017659755443117292,0.002611595971045646,0.0017225503709995993,0.0013118220396838294,0.20295177191690528,0.0015934718359939643,0.0021740842078206055,0.0019634155737862,0.0014070620020406174,0.2515101563797333,0.25411650473167796,0.013954916042638703,0.0006403134375127339,0.0012400130001849138,0.003331595574261812,0.2358975098152247,0.012388450613691373,0.013956558879944405,0.23817565982070762,0.0034027981289069253,0.0,0.0013626313890714753,0.18173354175045128,0.0,0.0035951435515779685,0.03568722338542593,0.03551692405658299,0.003091376828914874,0.018203873687363134,0.0192811221710946,0.24519241953627938,0.0030749660950341443,0.23421786684594698,0.013491328171962627,0.2511315612334987,0.0033881114277580435,0.1880154668474584,0.0004204669311811866,0.0,0.0031922704912379714,0.0,0.0033673210141590484,0.003008130302506367,0.003214830652084852,0.0031217713745595697,0.00019430708406480734,0.0,0.000669404984417692,0.21856317129624633,0.2305042527763533,0.21898896439552487,0.0021926244264195704,0.19252278097971745,0.0037903972758025254,0.0026994161096694645,0.0016533533269049467,0.0017476237787621995
0.001678298565117886,0.003513154398882456,0.0031021257583960164,0.00036106004907493413,0.003505509880094814,0.0004758194939994073,0.003519097427904719,0.0,0.00382655469620619,0.005283222821213415,0.27352779659017945,0.2747576797286666,0.00038696056031736867,0.0043861081628155454,0.23811922384431425,0.0016774325456452876,0.22033176557256282,0.0,0.00671008241713635,0.003802177796380994,0.28607503205990303,0.29367773517014845,0.0,0.004357677617323275,0.011307645348683115,0.2745368755199977,0.0018824378966350139,0.2712110604820084,0.01092628627134134,0.0047978626162668995,0.2245628392046074,0.27454148716319776,0.012829229191888258,0.012765113156204188,0.006456550125182742,0.27047227021852766,0.009152749205962282,0.26694305098829885,0.004768479050940006,0.00526943843854078,0.285890433394157,0.0014041184944715787,0.25811316666482087,0.012039921870895821,0.2633140328843782,0.25006335316661715,0.0013980245273329114,0.0010485188482594696,0.0012836332192318694,0.2121412821503617,0.0013374493191278954,0.013515191433154628,0.02874722878671476,0.002016347568569902,0.027481889988996304,0.018700499489325353,0.0027655054046570858,0.0018240655957537466,0.0013891317726460468,0.2066051322768833,0.0016873800631748404,0.002302209719101461,0.0020791257304320324,0.001489984520757609,0.256205834736882,0.25886837039589244,0.014777322436288402,0.0006780490901917815,0.0013130908041964085,0.0035279368129304068,0.24023209160654832,0.013118540351313813,0.014779062091081206,0.24256765391768442,0.0036033355544967055,0.0,0.0014429354742509263,0.18486904999036524,0.0,0.0038070164882457484,0.03779038191351047,0.03761004631813271,0.0032735612334295256,0.019276684305781444,0.020417418376804386,0.24972500743287138,0.003256183364209052,0.2385055268156226,0.014286413897562612,0.25579573775709025,0.0035877833205929448,0.19126517093016795,0.0004452463488047044,0.0,0.0033804008715449334,0.0,0.0035657676635730525,0.003185408731567044,0.003404290572495498,0.003305747023721907,0.0002057582019201972,0.0,0.0007088550919958374,0.22240885577050948,0.2345865917635937,0.22284386259595682,0.002321842570165491,0.1958545334454544,0.004013777118760216,0.002858501055858318,0.0017507905556818186,0.001850616657039417
0.0005486475632582159,0.0011484747948654489,0.0010141066516046087,0.00011803306052456758,0.0011459757480973148,0.00015554872735960124,0.0011504176127044238,0.0,0.0012509275485201538,0.0017271225676137854,0.0074437531083011935,0.007511529782891098,0.00012650011917292293,0.0014338494983737815,0.005457569306800078,0.0005483644554231436,0.0040068700252182,0.0,0.002193572969637298,0.0012429585691222922,0.009086359500025377,0.009465856970315734,0.0,0.0014245553537974615,0.0036965485138857374,0.008744304800930573,0.0006153821414374955,0.008404955406913777,0.003571879558755416,0.0015684549149796976,0.005019215046798053,0.008464811931144643,0.004193964936218752,0.004173004954797705,0.0021106914865217795,0.008522420944374392,0.0029920978622847393,0.008048340042553453,0.001558849221540219,0.0017226163563105374,0.009400849423180386,0.0004590161765785184,0.00735977295005838,0.003935934841142105,0.007738736570523129,0.00675513230250082,0.00045702401601144433,0.00034276816001893037,0.0004196286956840696,0.0033295244624492607,0.00043722155590911633,0.0044182108004410725,0.009397670564742241,0.0006591581516962086,0.00898402244366698,0.006113324345128777,0.0009040630987704856,0.0005962998271783322,0.0004541169121796187,0.003416437089991099,0.0005516163686205273,0.0007526084921640124,0.0006796807727884027,0.00048708638236171154,0.005587294503788322,0.0057057564022173725,0.004830810270984833,0.0002216589996768785,0.00042925858666185946,0.0011533072696199703,0.004680381551142848,0.004288542781866312,0.004831378976328935,0.004850710315673142,0.0011779556466685322,0.17270984519546043,0.00047170571931639654,0.0019658018623182247,0.0,0.0012445403714047543,0.01235394070064554,0.012294987730638217,0.0010701501098950845,0.006301683199807774,0.006674597162436591,0.005083759596305349,0.0010644691626544706,0.004517848331963599,0.004670328829152916,0.005382292013534614,0.0011728715124078796,0.002080514360228571,0.00014555415192418983,0.0,0.0011050767363784306,0.0,0.0011656744398317945,0.001041332439221232,0.001112886447049651,0.001080671870315117,6.726379825986364e-05,0.0,0.00023172969756985807,0.0029655653611345137,0.0033411896645430383,0.002985196082883103,0.0007590266087732793,0.0021637244885353763,0.0013121318705975845,0.0009344640289062884,0.0005723457030321988,0.000604979555195188
0.0008353358375813404,0.0017485945786630118,0.0015440142013649217,0.00017970962067168588,0.001744789689213003,0.00023682858569899672,0.0017515525893705606,0.0,0.001904582616372365,0.0026296068245623304,0.011333384405363746,0.011436576853537245,0.0001926010249201095,0.0021830879272964894,0.00830934744516209,0.0008349047956222157,0.0061006051110810075,0.0,0.003339794499415963,0.0018924495558691006,0.013834312283178114,0.014412110962028334,0.0,0.0021689372546895487,0.005628129341665426,0.013313521583097085,0.0009369416561289933,0.012796849808232513,0.005438316330493508,0.0023880295618783397,0.007641937166764834,0.012887983539887427,0.006385463906880123,0.00635355157406657,0.00321360443177558,0.0129756953544314,0.004555577644551827,0.012253889966557073,0.002373404544814261,0.00262274595422334,0.014313134610957118,0.0006988687966616237,0.011205521564946913,0.0059926037175228215,0.011782507438052467,0.010284934223295841,0.0006958356598588082,0.0005218769702452342,0.0006388999267594373,0.005069321895955705,0.0006656856952849857,0.006726886377986846,0.014308294683554153,0.0010035922213447932,0.01367850039880358,0.009307758302830807,0.0013764688962673841,0.0009078881397513648,0.0006914094887119387,0.0052016495273642955,0.0008398559515488846,0.0011458737580809636,0.0010348386571762125,0.000741606704253402,0.008506858768165227,0.008687221310118474,0.007355084054224551,0.00033748387590192154,0.0006535617854542567,0.0017559521969538624,0.007126050865889122,0.006529462111194503,0.007355949928761805,0.007385382594874027,0.0017934802460435298,0.0,0.0007181890862634216,0.0029930047176856094,0.0,0.0018948579072826405,0.01880932331371185,0.018719565276172193,0.0016293424016653334,0.009594541498776745,0.010162316548151583,0.007740208587134947,0.0016206929532046272,0.006878588137773455,0.007110745231624451,0.008194735032692172,0.0017857394670163212,0.0031676586612006895,0.00022161148167500606,0.0,0.0016825194587438235,0.0,0.0017747816626787344,0.001585466451635539,0.0016944100268274022,0.0016453621639715798,0.00010241157533741057,0.0,0.00035281687913172276,0.004515180948100955,0.005087082589730946,0.004545069434795038,0.0011556455736735785,0.003294349103078588,0.0019977684191899874,0.0014227554163194025,0.0008714171159153939,0.0009211033408357923
0.0011587746815956814,0.0024256437171389328,0.0021418505995699348,0.00024929249902227015,0.0024203655890345445,0.00032852770902384263,0.0024297470582881893,0.0,0.0026420297269296234,0.0036477805377975706,0.015721627535761073,0.01586477570550984,0.00026717540573023676,0.0030283712299151015,0.011526695021148307,0.0011581767418372424,0.008462736096181821,0.0,0.004632950166320256,0.002625198791766876,0.019190905130385894,0.019992425249586908,0.0,0.0030087414709525874,0.007807319514449318,0.018468466261473335,0.0012997218847908998,0.017751741149880287,0.0075440116307359745,0.003312665482207561,0.010600866033512953,0.01787816151415774,0.008857891129105575,0.008813622462981934,0.004457899786734112,0.01799983500809601,0.006319479899048291,0.016998549332468957,0.0032923777144268462,0.003638263164682643,0.019855125633626288,0.0009694681239506536,0.015544256692172053,0.008312916975773148,0.01634464929035026,0.014267221449925717,0.0009652605681691429,0.0007239457387330808,0.000886279536797774,0.007032143961284422,0.0009234366525326367,0.009331511076253818,0.019848411704829032,0.0013921792941482356,0.01897476347982809,0.012911686747406049,0.001909432392625299,0.0012594189579019967,0.0009591206004691426,0.007215708345874675,0.001165044966417512,0.001589551698169325,0.0014355242305230346,0.001028753986035921,0.011800681973614256,0.012050880202543126,0.010202944492027277,0.0004681563429317679,0.0009066184111478599,0.0024358501771143217,0.009885230528435493,0.009057644887830783,0.010204145629876352,0.010244974511828138,0.0024879089433953176,0.0,0.0009962691558523646,0.00415188470638649,0.0,0.002628539647644047,0.02609222141957284,0.02596770941291476,0.0022602175529386915,0.013309511300859243,0.014097126679558043,0.010737187772298937,0.002248219071088502,0.0095419511776904,0.009863998611075146,0.011367705120569782,0.002477170964310729,0.004394163989377755,0.0003074186004750417,0.0,0.0023339845632979503,0.0,0.0024619703400096805,0.0021993530027325215,0.002350479113902813,0.00228244010598922,0.0001420649459347115,0.0,0.0004894262264159521,0.0062634417561105785,0.007056781527815644,0.006304902950631565,0.0016031071234156907,0.004569908486193963,0.002771296716481851,0.001973640876354129,0.0012088264930134299,0.0012777510343434549
0.0009098400352360859,0.0019045529731740562,0.0016817259264757516,0.0001957380495940578,0.0019004087229270079,0.00025795149574952316,0.001907774810961093,0.0,0.0020744536949446183,0.0028641433280825455,0.012344217023630533,0.01245661327967305,0.00020977924735900616,0.0023777990926930623,0.00905046405549311,0.000909370548337961,0.006644722421222477,0.0,0.0036376731469204026,0.0020612384781429844,0.015068204438155848,0.015697537392248405,0.0,0.0023623863115287934,0.006130106201789159,0.014500964045017314,0.0010205081490276074,0.0139382099469657,0.005923363633108085,0.0026010196174692858,0.008323526979535615,0.014037471960984151,0.006954987975682106,0.006920229359200838,0.003500228097369073,0.014133006854669988,0.004961892855741577,0.013346823130721677,0.0025850901847282726,0.002856670531836846,0.015589733270008283,0.0007612014018470696,0.012204950005508723,0.006527088306535092,0.012833397659133983,0.011202254823902625,0.0007578977374148815,0.0005684235485115166,0.0006958838657733697,0.00552145832243224,0.0007250586760504849,0.007326862159892338,0.015584461666036872,0.0010931033255736436,0.014898495580961364,0.010137923887878117,0.0014992371364162189,0.0009888633288540928,0.000753076792914417,0.0056655883494308446,0.0009147633013842365,0.001248075053797714,0.0011271366532471883,0.0008077511338229038,0.009265591553914609,0.009462040759303852,0.008011089233805812,0.00036758430289699574,0.0007118534260763804,0.0019125668226748558,0.0077616284124567584,0.00711182948228701,0.008012032336309071,0.008044090122851759,0.0019534420251622144,0.0,0.0007822448818238994,0.0032599529378334363,0.0,0.002063861632132523,0.020486940241981538,0.020389176621215234,0.001774664609667825,0.010450285481102788,0.01106870079107573,0.008430563297803883,0.0017652437107452466,0.007492094307562751,0.007744957657782809,0.008925629280413842,0.0019450108405463813,0.0034501843908284224,0.00024137716739140255,0.0,0.0018325845663000387,0.0,0.0019330757018439797,0.0017268753324392663,0.0018455356626105532,0.0017921131859714484,0.00011154573660261465,0.0,0.0003842848675935498,0.004917893149193962,0.005540803105121167,0.004950447411280496,0.001258718424575206,0.0035881744433515048,0.0021759508058127154,0.0015496519841222873,0.00094913942845483,0.001003257203125214
0.0010512370629407238,0.0022005370133168544,0.0019430807121615648,0.00022615743910149062,0.0021957487106602585,0.00029803939403758213,0.00220425955262195,0.0,0.002396841779900631,0.0033092560268283833,0.014262615345187631,0.01439247895363722,0.0002423807607041326,0.002747329681768915,0.010456984616508357,0.0010506946137092549,0.007677369880002891,0.0,0.00420299908424526,0.0023815728038623658,0.017409934014661264,0.018137070764694927,0.0,0.002729521620818211,0.007082777839525831,0.016754539547754167,0.001179103960854489,0.0161043285850764,0.006843905683687231,0.0030052406109059844,0.0096170752180678,0.016219016776447583,0.00803585339091718,0.007995692984157142,0.004044193882659916,0.016329398620680897,0.0057330140137687524,0.015421035131619026,0.002986835606245325,0.003300621893274076,0.01801251294744388,0.0008794986975665872,0.014101705025323657,0.007541454404274769,0.014827818891523858,0.012943182321425599,0.0008756816150464341,0.0006567614948802938,0.0008040302502336182,0.006379540804133954,0.000837739078906572,0.008465520046651019,0.018006422090522587,0.0012629810570696672,0.01721385093007171,0.011713445132631718,0.0017322315823669952,0.0011425412613379074,0.0008701114539840519,0.006546069886605318,0.001056925447321737,0.0014420367351096507,0.0013023034588546718,0.0009332826613710112,0.010705544792847174,0.010932523907518518,0.009256081938532026,0.00042471008968107584,0.0008224816186272234,0.0022097962844917964,0.008967852743291446,0.00821706942710508,0.00925717160733883,0.009294211451777822,0.002257023847740064,0.0,0.0009038125167305837,0.003766577880697204,0.0,0.0023846036187186144,0.023670788330428277,0.023557831395608245,0.0020504628722871764,0.012074350424902992,0.012788872834289871,0.00974074590795465,0.0020395778840144162,0.008656430702253637,0.00894859120884391,0.010312749435350226,0.0022472823839558734,0.003986372950358548,0.00027888927139114924,0.0,0.002117384092213383,0.0,0.002233492421248805,0.001995246727153737,0.0021323479011468903,0.00207062310858757,0.00012888091091668136,0.0,0.00044400606688711465,0.005682176371446973,0.006401891933727693,0.005719789848032637,0.0014543341779596091,0.0041458078531013826,0.0025141124215450838,0.0017904813343878315,0.0010966439225013778,0.0011591720684326788
0.0009512154333121802,0.001991163403986368,0.001758203193872286,0.00020463932828805484,0.0019868306920349994,0.00026968195979553664,0.001994531756342793,0.0,0.0021687904399708877,0.0029943915758590426,0.23553222243738228,0.23655757192843527,0.00021931905604123255,0.002485930610536882,0.20604646740174226,0.000950724596279363,0.19167914692170623,0.0,0.003803098022388206,0.002154974255048866,0.24505872306659068,0.25143583728932983,0.0,0.0024698169259924204,0.006408875627759683,0.23515087795888176,0.0010669162309658341,0.2325314269173601,0.006192731344769304,0.0027193021923271814,0.19444137849470897,0.23542945132579565,0.007271269283344754,0.0072349300026392374,0.0036594025953875036,0.23176015852687648,0.005187537237354181,0.22909243649577252,0.0027026483612356215,0.0029865789507341626,0.2445859850383234,0.0007958173890511622,0.22192933601258852,0.006823910678053002,0.22617458451009592,0.2153763742449806,0.0007923634889449022,0.0005942728733210009,0.000727529507695066,0.1850726967682407,0.00075803105601652,0.007660054618757437,0.01629317229676505,0.001142812706874035,0.015576011585450288,0.010598950684107484,0.0015674156413482303,0.0010338323479010215,0.000787323309754729,0.18007225902970714,0.00095636258727448,0.0013048318463984305,0.0011783937159265177,0.0008444839917034287,0.22197665772278224,0.22422416352110672,0.008375397236570083,0.00038430036975477087,0.0007442252911681375,0.0019995416870143548,0.2086855517521141,0.0074352432302900616,0.008376383227097599,0.2105918288432728,0.002042275708314755,0.0,0.0008178178310512358,0.16219922278842042,0.0,0.0021577166981841104,0.021418593362360218,0.021316383895544154,0.0018553683068375261,0.010925517065825553,0.011572055099173539,0.2167173754958227,0.0018455189881619572,0.20731229689864797,0.008097163203552303,0.22181389190066012,0.002033461111663593,0.16776514868528986,0.0002523539061592323,0.0,0.0019159222003920528,0.0,0.0020209832169867555,0.0018054057900365988,0.0019294622538209812,0.0018736103652506016,0.00011661833076959565,0.0,0.0004017604003856153,0.19454584630777663,0.20498855309181235,0.1949127739001522,0.001315959229404156,0.1717579422116279,0.0022749031790847253,0.0016201231276632855,0.0009923019846857673,0.0010488807902882516
0.000379231358853136,0.0007938386793862767,0.0007009619093651567,8.158577733673353e-05,0.0007921113101875714,0.00010751702767828566,0.0007951815769008548,0.0,0.0008646551735961187,0.0011938065200406867,0.005145205766456204,0.005192053765289255,8.743830338758518e-05,0.0009910928801542145,0.003772333211437022,0.00037903567153729556,0.0027695935718505056,0.0,0.0015162222777020677,0.0008591469255182882,0.00628059375632546,0.006542906670803506,0.0,0.0009846686630190396,0.0025550958572792613,0.006044161705904097,0.00042535904894096797,0.005809599592742186,0.002468923275047959,0.0010841336561768164,0.0034693378227536116,0.005850973094677552,0.0028989156760295277,0.0028844279014212963,0.0014589336655390923,0.005890793091761955,0.00206817165357895,0.005563103046924816,0.001077494092967701,0.001190691776168206,0.0064979727239735125,0.0003172771375228303,0.005087157737703485,0.002720562375780079,0.005349101649185165,0.004669223329994875,0.00031590013376030793,0.00023692520262664558,0.0002900520682767397,0.002301404710030821,0.0003022124508903735,0.003053916936403672,0.006495775461311957,0.000455617518981356,0.006209857233386484,0.004225598460230521,0.0006248985694926883,0.0004121691389674515,0.000313890710935347,0.0023614796945043686,0.0003812834304690816,0.0005202114440694989,0.00046980298521727876,0.0003366795790815425,0.003862000724838861,0.003943882919752444,0.003339110325301952,0.00015321319054127907,0.0002967083570961543,0.000797178940221297,0.0032351323043344838,0.002964288945363535,0.0033395034208242398,0.003352865459733917,0.0008142161753201639,0.0,0.00032604829200883964,0.0013587843296992944,0.0,0.000860240285024804,0.008539182587952039,0.008498433632845897,0.0007396997772891663,0.004355794216478359,0.004613556536506152,0.0035139517404220943,0.0007357730427406028,0.0031227875174514846,0.003228183749969684,0.003720300700718638,0.0008107019646075361,0.001438074896856163,0.00010060866486514879,0.0,0.0007638414538561346,0.0,0.0008057272671959868,0.0007197806796015237,0.0007692396136009958,0.0007469725362857061,4.649349295242552e-05,0.0,0.0001601741700521944,0.002049832090736059,0.0023094678287568907,0.0020634010661266995,0.0005246477183665282,0.0014955906722671295,0.0009069602885432624,0.0006459120339056774,0.0003956117792735024,0.0004181686644747919
0.0002510465243197814,0.0005255115028810388,0.00046402821633437046,5.400878739631469e-05,0.0005243680055846563,7.11749581718541e-05,0.0005264004846218211,0.0,0.0005723911564773484,0.0007902853246969284,0.003406063328953647,0.0034370761315708704,5.788308810815608e-05,0.0006560913728053629,0.0024972384777760368,0.00025091698170852747,0.0018334370925816392,0.0,0.0010037206154692947,0.0005687447635756316,0.004157676300710774,0.004331324243916355,0.0,0.000651838619583323,0.001691442227282271,0.004001161173176003,0.0002815824913518086,0.0038458839212512632,0.0016343970311090117,0.0007176832293204119,0.002296659233897238,0.003873272673835497,0.0019190467448795055,0.0019094560151689558,0.0009657962544404155,0.003899633025196455,0.0013691043559737961,0.003682706220779904,0.0007132879196295394,0.0007882234023240066,0.004301578520330222,0.0002100335870485916,0.0033676362434244948,0.0018009790400778933,0.0035410399111567075,0.003090968773819153,0.00020912202738854156,0.0001568415882670022,0.20764868384534524,0.0015235017886011885,0.00020006094862944234,0.0020216556847092513,0.004300123959304812,0.0003016132286775566,0.004110849587118312,0.0027972945323403863,0.00041367521504015914,0.23554080845207512,0.00020779181403904202,0.0015632706940426012,0.0002524049706476282,0.00034437361757205874,0.25290856109275694,0.0002228777662097319,0.002556597275666606,0.0026108022878757633,0.002210450222319261,0.00010142525945547724,0.0001964173058126997,0.0005277227147267293,0.002141618043333658,0.0019623230501390593,0.002210710446750316,0.002219555953187982,0.0005390011561207223,0.0,0.00021583998411091172,0.0008994986182123611,0.0,0.0005694685542051112,0.0056528345011351054,0.005625859190918152,0.0004896722114177185,0.002883482531629399,0.003054118036929584,0.002326193102090081,0.0004870727611419702,0.0020672471675766612,0.0021370181852744365,0.0024627935916595885,0.0005366747915821976,0.0009519880045233304,6.660170642858334e-05,0.0,0.0005056537062279535,0.0,0.0005333816027001156,0.0004764860122141728,0.0005092272219988242,0.0004944866889804875,0.15081262185197822,0.0,0.00010603334280955783,0.0013569637895312543,0.0015288394746445558,0.0013659462853899895,0.000347310376933327,0.0009900627448458257,0.0006003966254885285,0.00042758587163973984,0.0002618901624246733,0.00027682254472129934
0.0004237460285342384,0.000887020495098536,0.0007832417291268679,9.116242189430331e-05,0.0008850903650587176,0.00012013751609640282,0.0008885210236683565,0.0,0.0009661495214187451,0.0013339370806131783,0.005749156705080452,0.005801503782891522,9.770192505786412e-05,0.0011074286502676847,0.004215134585621912,0.00042352737118698554,0.0030946920641657864,0.0,0.0016941984188607278,0.0009599947080240386,0.007017818012540761,0.0073109215577735805,0.0,0.0011002503501774587,0.0028550163291366196,0.006753633260817581,0.00047528824682359323,0.006491537942019199,0.00275872869722906,0.001211390673478401,0.0038765732044980837,0.006537767919373085,0.0032391941649764265,0.003223005796559048,0.0016301851949603802,0.006582262039457955,0.0023109363296893457,0.0062161073113524735,0.0012039717497122511,0.0013304567240576004,0.007260713205876835,0.000354519540199936,0.0056842949232842575,0.003039905522588742,0.005976986151469512,0.005217302831728571,0.00035298090194646947,0.00026473579077512663,0.0003240987569490755,0.0025715465853740705,0.0003376865410752814,0.003412389674704252,0.007258258025668915,0.0005090984953956319,0.0069387783446231135,0.004721604698298461,0.0006982499755823233,0.0004605500880782182,0.00035073561045924036,0.0026386732495874607,0.00042603897498295635,0.0005812745393449373,0.0005249490700911354,0.0003761994655606338,0.004315327388262169,0.004406821021613663,0.0037310594341759856,0.00017119755393453447,0.00033153636959939477,0.0008907528400907564,0.003614876337996753,0.0033122410336118673,0.003731498671761473,0.0037464291641612015,0.0009097899279839667,0.15776539121586985,0.000364320264196883,0.0015182801999441555,0.0,0.0009612164074901565,0.00954152293606791,0.009495990815661602,0.0008265266983243643,0.004867083001592992,0.005155101797685875,0.003926423961794487,0.000822139038572033,0.003489344374046925,0.0036071121532915565,0.0041569944311835765,0.000905863214651473,0.001606877996905251,0.00011241824067942952,0.0,0.0008535021562568209,0.0,0.0009003045807935595,0.0008042694710669721,0.0008595339590069834,0.0008346531432222509,5.195095956952402e-05,0.0,0.00017897562226564233,0.0022904440451292515,0.0025805561634535444,0.0023056057644829757,0.0005862315492835133,0.001671145048770819,0.0010134204657302863,0.0007217300277533202,0.0004420492039885117,0.0004672538456854838
0.0012616998398511322,0.0026410952345245838,0.0023320949287062055,0.000271435259233799,0.0026353482903690127,0.00035770833143441923,0.0026455630443180662,0.0,0.002876701170894361,0.003971785191244916,0.017118060360754448,0.01727392329572839,0.00029090656878851266,0.0032973584567209625,0.01255052383623797,0.0012610487896431448,0.009214416699674283,0.0,0.005044459959062265,0.0028583752715313007,0.020895487547470063,0.021768200614207773,0.0,0.0032759851352869664,0.008500784438509457,0.020108879918147308,0.001415166313120973,0.019328493555831387,0.008214088914358732,0.003606904409255977,0.011542460487960012,0.019466142881361323,0.009644670354396635,0.009596469638721947,0.004853861183133213,0.019598623708095154,0.0068807913248433465,0.01850840142705235,0.0035848146330756613,0.003961422462126283,0.021618705715656324,0.0010555786177904318,0.01692493501162069,0.0090512902841351,0.01779642040820259,0.015534470423278369,0.0010509973367700467,0.0007882483429501965,0.0009650010199577822,0.007656755925616977,0.0010054585202092107,0.010160358366016257,0.02161139543953207,0.001515836012271255,0.020660147674908806,0.014058533863526648,0.0020790327768159637,0.0013712835831917703,0.001044312002350146,0.007856624940981523,0.0012685270664735072,0.001730739508610616,0.0015630309502959049,0.0011201303929426246,0.012848846969749616,0.01312126840800187,0.01110919459672183,0.0005097391169169508,0.000987146442116056,0.002652208256858367,0.010763260513634838,0.009862166723100689,0.011110502422527735,0.011154957824115325,0.002708891008149699,0.0,0.0010847601818988824,0.004520665106278172,0.0,0.0028620128702743016,0.02840979537204106,0.028274223909050752,0.0024609755199729868,0.014491694152021698,0.015349267425714685,0.011690890651930852,0.002447911304065202,0.010389490264130543,0.01074014272623514,0.012377412069745413,0.002697199255899215,0.0047844642187409945,0.00033472426102070684,0.0,0.002541294693868304,0.0,0.0026806484755353736,0.002394704833818549,0.0025592543301868275,0.0024851719337109245,0.00015468349661166197,0.0,0.000532898242683051,0.006819775739075885,0.007683581860149789,0.006864919616758068,0.001745498959377095,0.004975818765064345,0.003017449965812362,0.0021489444127227755,0.0013161973737142914,0.0013912439588175788
0.0021552644757063194,0.004511579185584833,0.003983737807566338,0.0004636719076938051,0.004501762124354301,0.0006110455395601468,0.004519211200290677,0.0,0.004914046625846392,0.006784694154226588,0.30114748110829315,0.302522526449225,0.0004969332432771612,0.0056326230066566525,0.26153833616626165,0.002154152336875152,0.2413638144843406,0.0,0.00861706168574346,0.004882741906106368,0.31575715270980187,0.3242330644687429,0.0,0.005596112610951142,0.01452123408220316,0.30303676901340243,0.002417419409552905,0.29922299577812805,0.014031494241529987,0.0061613964708556405,0.2465706367372617,0.30287089890361213,0.01647524612286673,0.01639290855975066,0.00829147650462664,0.29849371089038135,0.011753924855005817,0.29437700927499866,0.006123662210793158,0.0067669923037267125,0.31574925178466484,0.001803163497672576,0.28438146517989377,0.015461620737784891,0.29025264679755725,0.275283091019514,0.0017953376488259681,0.0013465038180518287,0.001648436776833365,0.23206845767675888,0.0017175472025571814,0.01735615615937949,0.03691707915787702,0.0025893856883028848,0.03529213600584377,0.024015108553987283,0.003551451261362772,0.0023424579282828547,0.0017839176079189902,0.22611853313361094,0.0021669269001134885,0.0029564887477912323,0.002670005159071536,0.0019134323139432653,0.2812296501098729,0.2841891623767186,0.018976979874110317,0.0008707479987463899,0.001686266092626001,0.004530562704086793,0.2633542583228243,0.016846778386133313,0.018979213932014467,0.2659909301749137,0.004627389474119448,0.0,0.0018530121118056416,0.20166240630088567,0.0,0.004888955735338991,0.048530261155197166,0.04829867488651932,0.004203894576388702,0.024755042849445567,0.026219969097136735,0.2738943997756316,0.004181577984470667,0.2613827116983087,0.018346557042126146,0.28065963597047067,0.004607417355959237,0.2086680959074907,0.0005717836256681296,0.0,0.004341097623220408,0.0,0.004579144935026208,0.004090689477094882,0.004371776684064616,0.00424522744282944,0.0002642338809082276,0.0,0.0009103089461885172,0.24297947120982533,0.2564138985177265,0.24346316721110445,0.002981701178603367,0.2136953888475943,0.005154476931140743,0.0036708759141599405,0.002248358407431577,0.002376554697696043
0.002229965579846729,0.0046679497611586875,0.004121813489778646,0.00047974269800934923,0.004657792442237464,0.0006322242751630044,0.004675846300210275,0.0,0.00508436665519123,0.007019850512199597,0.3034800516607299,0.3048697041122337,0.0005141568658883555,0.005827848772471792,0.2634461773309135,0.0022288148944707726,0.24300391136645258,0.0,0.00891572759409334,0.005051976919131515,0.3183529433608689,0.3269144117205162,0.0,0.005790072932593397,0.015024537612535069,0.30553079681760575,0.00250120675959721,0.3016587851366121,0.01451782347137478,0.006374949435982532,0.24835453642724234,0.305331393992795,0.017046275381797853,0.016961084012596116,0.008578857685373328,0.30093971732922414,0.012161313913077038,0.29674753092007966,0.0063359073128144506,0.007001535118539442,0.3183818302393065,0.0018656608411494978,0.28662286678044474,0.01599751791139477,0.292566906458194,0.27740955252945354,0.0018575637496984362,0.001393173413858527,0.001705571318196209,0.23358414527081475,0.001777077099648928,0.01795771761197761,0.03819661891080158,0.002679133360638185,0.03651535550248863,0.024847468176324,0.00367454396460872,0.0024236471259973685,0.0018457478920948537,0.2276155338352324,0.0022420322219218413,0.0030589601504093867,0.0027625470887007847,0.001979751556041226,0.2832482080396684,0.28623594909628536,0.01963471880398426,0.000900927977894003,0.001744711791710062,0.004687591245218264,0.26517990175130557,0.0174306848908051,0.01963703029395952,0.2678493097394454,0.0047877740148107506,0.0,0.001917237199862211,0.20287089936170585,0.0,0.0050584061186399664,0.05021231184242321,0.049972698832633555,0.0043496008551706595,0.025613048469981164,0.02712874881496772,0.2758184101319277,0.004326510773931144,0.26317975847884795,0.01898244562270172,0.28265142328020243,0.004767109666395081,0.20992400746585257,0.000591601549940657,0.0,0.004491559336523413,0.0,0.004737857328108882,0.0042324720861802,0.0045233017284552375,0.004392366311808665,0.0002733921827675303,0.0,0.0009418601011189997,0.2445054712765813,0.2580490563216387,0.2449938124943833,0.0030850464398318937,0.2149854324715763,0.0053331302344186635,0.0037981078557806176,0.0023262861315840712,0.0024589256837021997
0.002095536264545566,0.0043865511171957946,0.003873337652197276,0.00045082230435082365,0.004377006113298721,0.0005941118140582106,0.0043939716281205165,0.0,0.004777865095537377,0.006596671918592616,0.2989057848592039,0.3002676149308169,0.0004831618783139219,0.005476527780236585,0.2596802982541526,0.00209445494609106,0.23973990748481752,0.0,0.008378259587090278,0.004747427914297633,0.3132936959786179,0.32169152367852,0.0,0.005441029186399867,0.014118811388676267,0.3006704376928633,0.0023504261757361774,0.2969066661512192,0.013642643564313507,0.005990647500785141,0.24483004651279752,0.30053008793414765,0.016018672467779927,0.015938616701358283,0.008061697252435109,0.2961708615325615,0.011428191789008271,0.2921176376062977,0.005953958959184782,0.006579460634274533,0.31325810321784764,0.00175319295746263,0.28223543247823624,0.015033137385173949,0.2880422886337483,0.27323827341769535,0.0017455839840657375,0.0013091885533685912,0.001602754132776613,0.2305532142240121,0.0016699493215781998,0.01687517010327763,0.03589400699005999,0.002517626803529868,0.034314095410162226,0.02334958490669062,0.003453030936035281,0.002277542079971567,0.001734480423397006,0.22462694615861653,0.0021068754916117637,0.0028745564437919306,0.0025960120905925204,0.001860405926426922,0.279256515589323,0.2821900021214544,0.01845107640662855,0.0008466172152981621,0.0016395350958556037,0.004405008551027203,0.2615551978740044,0.0163799085665973,0.0184532485527424,0.2641629695490426,0.004499151989231345,0.0,0.001801660131598623,0.20042748332042898,0.0,0.004753469541506465,0.04718535628684489,0.04696018790038683,0.0040873932811711835,0.024069013620424556,0.02549334279743447,0.27200428307000574,0.004065695142407967,0.2596083626977928,0.017838124297357875,0.278707580283651,0.004479733352513549,0.2073861784160669,0.0005559379540500441,0.0,0.004220794060278705,0.0,0.0044522444368749045,0.003977325401532449,0.004250622921323784,0.004127580702028571,0.00025691124500316545,0.0,0.0008850818218275253,0.24143888714888828,0.25476946991061783,0.2419183057901348,0.0028990701699168225,0.2123796693418655,0.005011632426423747,0.0035691460085185388,0.0021860503114935507,0.0023106939356322357
0.0006400933569955808,0.19992696291059836,0.1936307031935614,0.00013770621252549907,0.0013369811747252812,0.00018147480047248085,0.0013421633868010985,0.0,0.0014594258090483323,0.2035397941097999,0.008684440130277844,0.008763513477303414,0.00014758451757422396,0.0016728362619347873,0.00636720928437186,0.0006397630621821548,0.00467471480280648,0.0,0.2084168650921875,0.0014501286005738916,0.010600827825972922,0.011043578010238595,0.0,0.0016619930164696486,0.2557763144550775,0.010201761184139206,0.0007179509162651101,0.00980585075391572,0.25464120699542486,0.0018298770268174323,0.00585579235913901,0.009875683860082255,0.004892993744843392,0.004868540260003892,0.21206524061992363,0.009942894851510786,0.23782009004998092,0.009389796548964905,0.0018186703051044396,0.002009733315460589,0.010967735334789888,0.0005355226652909418,0.008586462585109447,0.26239181810555773,0.009028589940167643,0.007881043500455735,0.000533198461502484,0.00039989901880682426,0.0004895702788087994,0.003884472716349278,0.0005100954277654973,0.2349504062082252,0.2978864024703207,0.0007690232899324015,0.2905056593934636,0.2566325910806971,0.0010547477517100997,0.0006956880586286788,0.0005298068163454415,0.003985871499929364,0.000643556987781332,0.0008780494592772278,0.0007929665174412208,0.0005682714706344268,0.006518556419377791,0.0066567629463351215,0.24164712335477948,0.0002586039977446867,0.0005008052311830869,0.001345534677078327,0.005460483814599987,0.23220727531350033,0.24300686159771523,0.0056592021138915025,0.18739224569275062,0.0,0.0005503272366656703,0.0022934517484537375,0.0,0.0014519740496397205,0.2956338687711839,0.29446196844863154,0.001248517303647529,0.2483306467322586,0.25565340057537217,0.005931094866862804,0.0012418894849280497,0.005270860382628632,0.22981558128486543,0.006279385153584359,0.0013683597886468906,0.0024272839438265327,0.00016981437988443365,0.0,0.0012892653231256252,0.0,0.0013599631445090602,0.0012148964497556872,0.001298376716769695,0.0012607927777401604,7.847498706955188e-05,0.0,0.0002703532284955245,0.0034598507576074195,0.0038980822151756206,0.003482753428512726,0.0008855373150176556,0.0025243631143738892,0.19708023809897357,0.0010902157547225465,0.0006677413825375084,0.0007058144796978327
0.0010498914992712839,0.2218449509159978,0.2147972346681546,0.00022586796183289302,0.0021929381936071214,0.00029765790921858497,0.0022014381418511697,0.0,0.0023937738675009214,0.2262015352749878,0.014244359465789697,0.01437405685126287,0.0002420705178890035,0.002743813151446608,0.01044359987286879,0.001049349744364629,0.007667542990948491,0.0,0.2318865108751074,0.002378524435464814,0.017387649626559545,0.018113855655228776,0.0,0.0027260278844789963,0.2852050830656741,0.01673309405224376,0.0011775947299605737,0.016083715347369392,0.28387190394605205,0.003001393959445038,0.009604765542661658,0.016198256740012622,0.008025567649710989,0.007985458647516284,0.23587014513977048,0.01630849729756132,0.2649055880775983,0.015401296496681424,0.0029830125128441926,0.0032963971593270784,0.017989457269641195,0.0008783729557748592,0.014083655108108828,0.29267134622829916,0.014808839562216675,0.012926615291482863,0.000874560759048542,0.0006559208525188782,0.000803001106635105,0.006371375111887772,0.0008366667886413357,0.26262032531953156,0.3353338766958701,0.0012613644650701138,0.3269126207908554,0.28765829841488083,0.0017300143585204824,0.0011410788300117208,0.0008689977276875591,0.006537691040265567,0.0010555726026272735,0.0014401909552097928,0.0013006365349203888,0.0009320880771171549,0.01069184189685669,0.010918530482530161,0.27028436080637713,0.0004241664687540122,0.0008214288576241901,0.002206967786808354,0.008956374060442779,0.25950547642300636,0.271788653747404,0.009282315035920278,0.20799929897349653,0.0,0.0009026556537076077,0.0037617567318497646,0.0,0.0023815513709350483,0.33468480421837865,0.3333518844410799,0.002047838318374696,0.27859331753239497,0.28692504898584603,0.009728277936391388,0.002036967262682205,0.008645350633760427,0.25709807158131626,0.010299549310029844,0.0022444059047701365,0.0039812704679557335,0.000278532298368974,0.0,0.002114673880398017,0.0,0.0022306335929559787,0.0019926928488685504,0.0021296185359375207,0.0020679727499517886,0.00012871594577463366,0.0,0.0004434377474721359,0.00567490329255896,0.006393697632456001,0.005712468624602009,0.0014524726575641871,0.0041405012970216265,0.2187983216612608,0.0017881895519542637,0.0010952402389056886,0.0011576883499861948
0.0003415700094822118,0.0007150028047926416,0.0006313495981782678,0.2067125358665441,0.0007134469800966953,9.683954479564413e-05,0.0007162123395689199,0.0,0.0007787865347877137,0.0010752499624592992,0.0046342369675103235,0.004676432506017531,0.2099996206202291,0.0008926677516748515,0.0033977039628191887,0.00034139375581339793,0.0024945460878017965,0.0,0.0013656467105938896,0.0007738253091288844,0.005656869926025282,0.005893132625809745,0.0,0.0008868815215634661,0.002301350075157743,0.005443917869664357,0.295459562810236,0.0052326500476699515,0.00222373526550997,0.0009764686769052458,0.0031247989528046067,0.005269914759879176,0.0026110252536710814,0.00259797625549415,0.0013140474128488207,0.005305780245325405,0.0018627821640598544,0.005010632997848978,0.0009704884866721551,0.0010724445428408498,0.005852661055391074,0.25919818379107556,0.0045819536706029895,0.002450384164702011,0.004817884012964934,0.0042055242001191,0.00028452818883505706,0.00021339623377268895,0.00026124708676844653,0.002072852917556488,0.00027219982553247575,0.002750633386647908,0.005850682002207256,0.00041037028358984466,0.005593158225378818,0.003805955579448578,0.000562840085146279,0.0003712367488045965,0.00028271832117155116,0.0021269618738367097,0.0003434182904984138,0.0004685494058849359,0.00042314699554575185,0.2637916979006352,0.0034784666231000693,0.003552217122472375,0.003007504307989555,0.000137997635807991,0.0002672423415966326,0.0007180113453535841,0.002913852312238977,0.0026699063237751695,0.003007858365316675,0.003019893424260329,0.0007333566178855534,0.0,0.00029366853661552726,0.001223843876685861,0.0,0.0007748100874397745,0.007691158996866266,0.007654456807933134,0.0006662404203775171,0.003923221635268977,0.004155385658735578,0.003164982276059167,0.0006627036486267763,0.0028126644515173533,0.002907593816666643,0.003350838784704146,0.0007301914023557389,0.001295260122055248,9.061724936436481e-05,0.0,0.000687984594484937,0.0,0.0007257107406109595,0.0006482994821422908,0.0006928466646492155,0.0006727909239195308,4.187623849632975e-05,0.0,0.00014426732258900857,0.0018462638975507493,0.0020801152904468758,0.0018584853421772206,0.0004725451151487598,0.0013470640235361607,0.000816890341807634,0.0005817667088846351,0.00035632369539897687,0.00037664046328282006
0.0023885853375124363,0.004999985854720979,0.004415002345607023,0.0005138672922128908,0.004989106035201372,0.0006771950416282096,0.0050084440827609916,0.0,0.005446022913036006,0.007519179738245823,0.31016524899497233,0.31159298189787943,0.0005507293754402632,0.006242389682141526,0.2690268757300129,0.0023873528026957815,0.24792386303718536,0.0,0.009549912517470387,0.005411329261556667,0.3256490260458876,0.3344366648459215,0.0,0.006201926807709199,0.016093248509545143,0.31253831948667443,0.0026791201828646693,0.30852684091232613,0.015550491267539258,0.006828406181595705,0.25358767389365444,0.31227365148512215,0.018258794576981808,0.01816754345759374,0.009189080703791413,0.3078218821955728,0.013026360747531513,0.30345505007790413,0.006786586951833848,0.0074995615516949676,0.32574810704281837,0.0019983672260300528,0.2930097669134719,0.017135437903205875,0.2991364324235702,0.28350955849419035,0.001989694180091007,0.0014922712794442964,0.0018268903697631206,0.23819766055996744,0.0019034824313935385,0.019235068635501867,0.040913583912430496,0.0028697028870286988,0.03911273049931704,0.026614894282069423,0.003935918076597606,0.002596043652323713,0.0019770378483174953,0.23214928917445707,0.0024015102923162683,0.003276547149129043,0.002959049919825174,0.002120573331451387,0.2891862027223324,0.2922497741228784,0.021031356656455648,0.000965011916596601,0.001868814945632541,0.005021024457852656,0.2706170808785091,0.018670547531876372,0.021033832565103126,0.27336853532148586,0.005128333331443629,0.0,0.0020536122644722768,0.20667254074228178,0.0,0.0054182157766744865,0.053783965507511376,0.05352730857655544,0.004658992461850589,0.02743493109368858,0.02905844477157515,0.2815215140219061,0.0046342599592554285,0.26854772313665587,0.02033268660928338,0.28853407247068236,0.00510619910655649,0.21386809733078416,0.0006336827799534957,0.0,0.004811048596778925,0.0,0.0050748660191986235,0.00453353220240088,0.004845048857873152,0.004704799869642319,0.00029283885143820305,0.0,0.001008855584073836,0.24921950342396024,0.2630710595846624,0.24972029846430155,0.003304488983293583,0.21903194310316992,0.005712481302896269,0.004068271195123974,0.0024917572696983737,0.0026338316103190727
0.0006013340902096677,0.0012587626231270012,0.001111491131204068,0.00012936775412560926,0.0012560235933466032,0.0001704860437082362,0.0012608920094140843,0.0,0.0013710538963125746,0.0018929778375554802,0.008158575382242263,0.008232860638718975,0.0001386479028951106,0.0015715418081541526,0.005981658707041907,0.0006010237955800453,0.004391649034024748,0.0,0.0024042213879013536,0.0013623196572545274,0.009958920970718287,0.010374861514915177,0.0,0.0015613551485435854,0.004051527403699068,0.009584018820309369,0.0006744771779446195,0.009212081764939175,0.003914886511200655,0.00171907335873887,0.0055012093661892065,0.009277686300440485,0.004596710635722642,0.004573737871050568,0.0023133808108494478,0.009340827496862937,0.003279428482558457,0.008821220691194691,0.0017085452322837763,0.0018880388955901878,0.010303611304705097,0.0005030954175667348,0.008066530624487936,0.004313901956963225,0.008481886053356357,0.00740382644415115,0.0005009119501782368,0.0003756841248574319,0.0004599255639567826,0.003649258098528112,0.00047920786338920604,0.0048424907900071245,0.010300127181062121,0.0007224569906054171,0.0098467565052196,0.006700385783914402,0.0009908801157573395,0.0006535623924747195,0.0004977256776876161,0.0037445169300815194,0.0006045879894176643,0.0008248813504827667,0.0007449503953148154,0.0005338612001693091,0.0061238413913956525,0.006253679164652687,0.005294712113595964,0.00024294487360139525,0.00047048021163544594,0.0012640591595641897,0.0051298377508076035,0.0047003707748996355,0.005295335431612108,0.005316523156001242,0.0012910745158333757,0.0,0.0005170035348144319,0.0021545774620587432,0.0,0.0013640533597260504,0.013540287407110116,0.013475673193982143,0.0011729164327276365,0.006906832705575149,0.007315557529052297,0.005571952117192178,0.0011666899451439196,0.004951696495784835,0.00511881966773065,0.005899152548825491,0.0012855021530728868,0.0022803057805387272,0.00015953169098899083,0.0,0.0012111970568786476,0.0,0.0012776139469100607,0.0011413314063152121,0.001219756732662842,0.001184448595910883,7.372312872481538e-05,0.0,0.00025398265880413606,0.0032503480700885505,0.003662043507883649,0.003271863926520581,0.0008319157976771975,0.002371506562520608,0.0014381356584455632,0.0010242004417534592,0.0006273079580894797,0.0006630756332139788
0.0025874625039369304,0.005416292110701372,0.004782602004895835,0.000556652646953433,0.005404506421233016,0.0007335793076121896,0.005425454583383243,0.0,0.005899466877636178,0.008145237822373627,0.31742341250171635,0.3188943082048904,0.0005965839220349255,0.006762140327933703,0.2750316705258954,0.0025861273464389736,0.25316003953498617,0.0,0.010345052431983253,0.005861884581153967,0.33363940557044147,0.34268174855731637,0.0,0.006718308454418062,0.01743319630704639,0.3202139201883186,0.0029021877124651364,0.3160378304329387,0.016845248290128137,0.0073969494323909805,0.2592114388521775,0.31986357080377065,0.01977904895967797,0.019680200136422275,0.00995417722503158,0.31535548267025576,0.014110954910279888,0.31077899682374993,0.007351648271384515,0.008123986196443257,0.33383163417618567,0.0021647542523367345,0.29996185259843144,0.018562159939095754,0.3062993822262199,0.2901297220194385,0.0021553590756981733,0.0016165200048013791,0.0019789999780742344,0.24307704663667956,0.0020619692086290557,0.020836609047783394,0.044320109737146854,0.0031086386159262167,0.04236931459144333,0.028830889949621272,0.0042636284673713675,0.0028121941064775204,0.002141648958924431,0.23695467304900594,0.002601463609693874,0.0035493573361637136,0.0032054248155098026,0.002297135419785066,0.295559701364993,0.29870804094369435,0.022782458679988463,0.0010453602435014603,0.0020244152564618005,0.005439082419208879,0.2764218091555696,0.02022508507776971,0.022785140736470984,0.27926800180113864,0.005555325989156238,0.0,0.002224599074815079,0.2106375221404962,0.0,0.005869344477759004,0.05826209843884145,0.0579840718702301,0.005046907100969526,0.029719204245363513,0.03147789408582577,0.28762264709591534,0.005020115333437307,0.2742711796817003,0.022025616325942698,0.2948372065871953,0.005531348835796987,0.21798458982289598,0.0006864441503386939,0.0,0.00521162365576107,0.0,0.005497406909001319,0.0049110008337903115,0.005248454829143805,0.005096528501638044,0.00031722104958636953,0.0,0.0010928543999173114,0.25417391583246307,0.2683621824378384,0.25468864515087974,0.003579625648983243,0.22325742482972843,0.006188110989192539,0.004407001503321906,0.002699224684587278,0.0028531283460367235
0.002553195324396668,0.00534456119521274,0.0047192633936803995,0.0005492805918354585,0.005332931590068854,0.0007238641160672994,0.0053536023242631795,0.0,0.0058213370147376054,0.008037365987928598,0.31715777673774015,0.318625251925006,0.0005886830352255134,0.006672585609231041,0.27486677540574495,0.0025518778491188904,0.2530751421317742,0.0,0.01020804725084505,0.005784252441139933,0.33327715498420374,0.3423009149612299,0.0,0.006629334225162905,0.01720231896412635,0.31986469540853474,0.0028637524550454577,0.31570798245234083,0.016622157464008025,0.007298987589904642,0.2590642143481902,0.31953248558471214,0.019517104208476497,0.01941956449419096,0.009822348617804719,0.31501742538403815,0.01392407582520739,0.3104688972231118,0.007254286376922633,0.008016395808890762,0.333448830080272,0.002136085229109344,0.29968941582783126,0.01831633111401317,0.306006488291666,0.28989012215112325,0.0021268144779278478,0.0015951115472292712,0.0019527910001834777,0.24302959206092445,0.002034661423889731,0.020560658450561504,0.04373315431062527,0.0030674692164023,0.04180819461080835,0.028449066722924864,0.004207162906242623,0.002774950683547871,0.002113285931720746,0.23689717913089572,0.0025670110058608913,0.003502351257851156,0.003162973623467885,0.0022667132004337526,0.2954007624053661,0.29854353113771753,0.0224807381330171,0.0010315159666882457,0.001997604819227765,0.005367049679213722,0.2763090237905974,0.019957233226574778,0.02248338466956033,0.27914602016925055,0.005481753772057262,0.0,0.0021951374939087657,0.2106568837208917,0.0,0.005791613542258687,0.05749050163905851,0.057216157128188706,0.004980068152969776,0.029325616587138496,0.03106101513722377,0.2874912313398724,0.004953631203452053,0.27416756872606374,0.02173391905574937,0.29469124403480695,0.005458094161239319,0.21800159101607255,0.0006773531954327858,0.0,0.005142603276437115,0.0,0.005424601745923597,0.0048459617667360785,0.005178946674468878,0.005029032390319729,0.00031301991792027326,0.0,0.0010783811320433418,0.2541582379226094,0.2683318087259988,0.2546720391412469,0.0035322187108676197,0.22327267390739333,0.006106158454630557,0.004348637174749508,0.0026634773774299675,0.002815342808609112
0.002532722776356528,0.005301706351802622,0.00468142243979097,0.0005448762389070256,0.005290169997514917,0.0007180598821533808,0.005310674985440331,0.0,0.00577465919085422,0.007972919151553891,0.3146818395974295,0.3161378218539479,0.0005839627376423591,0.006619082131400094,0.27272208817185783,0.0025314158651259487,0.25110161344375126,0.0,0.01012619501817721,0.005737871976298091,0.33067398097895645,0.33962711016191244,0.0,0.006576177554342641,0.017064383844932866,0.31736625782934635,0.0028407897348999307,0.3132422623309436,0.01648887431329839,0.0072404613688001026,0.2570429666827571,0.3170369420212271,0.019360608209249765,0.019263850607663342,0.009743589072060781,0.3125569483139994,0.013812426979338757,0.3080443352496834,0.007196118588140718,0.007952117119854281,0.3308439724115334,0.0021189572377438154,0.29734948726846216,0.018169463396895073,0.3036169893902698,0.2876271076352728,0.0021097608231777417,0.0015823213006437497,0.001937132735740644,0.2411349738901452,0.0020183466894281806,0.020395794813281617,0.04338248427217738,0.0030428730132468326,0.04147295967423193,0.028220950652204785,0.004173428180235673,0.002752700011758246,0.0020963407543007893,0.2350501791347439,0.0025464276781245088,0.0034742679954016813,0.0031376116275260175,0.0022485377814026736,0.2930961633369535,0.2962143481482691,0.022300478523809654,0.001023244856373884,0.0019815872195415676,0.005324014514084908,0.2741539746777621,0.01979720809568281,0.022303103839357373,0.27696870887186137,0.0054377988633315935,0.0,0.0021775359977093396,0.20901565580318998,0.0,0.005745174053144458,0.05702951965095479,0.056757374944825606,0.0049401359615190744,0.029090471986703823,0.030811955412534425,0.28524873083076213,0.004913910994106229,0.2720293613913493,0.021559647742576533,0.2923923922905763,0.005414328964798665,0.21630308939823448,0.0006719219048060426,0.0,0.0051013678129290035,0.0,0.005381105105153155,0.004807104894282096,0.005137419794963314,0.004988707583900711,0.0003105099981950136,0.0,0.0010697342379650148,0.2521774339941634,0.2662403092733222,0.2526872157743002,0.0035038959591550743,0.22153306764180888,0.0060571968177715865,0.004313768051099426,0.0026421205434885033,0.0027927682564986766
0.0012394253271353743,0.0025944683685087426,0.002290923267663632,0.0002666432414001265,0.002588822883017607,0.00035139321707409034,0.0025988573019459687,0.0,0.002825914831079906,0.0039016658356325036,0.016815851831331368,0.01696896310476322,0.0002857707972992004,0.0032391456785681887,0.012328952275435758,0.0012387857708070545,0.009051742000461032,0.0,0.004955403208832732,0.002807912463879962,0.02052659093008361,0.02138389679957184,0.0,0.0032181496896066413,0.00835070846553332,0.019753870360969844,0.0013901824468788681,0.018987261226328506,0.008069074369542082,0.003543226793082247,0.011338685648026184,0.01912248044007194,0.009474399799021394,0.009427050036497601,0.004768169333749303,0.019252622401596753,0.006759315305731077,0.018181647305419206,0.003521526997929808,0.0038914860539425947,0.021237041138906877,0.001036943044889646,0.016626135988095245,0.008891495478619574,0.017482235861167806,0.015260219172666557,0.0010324426434882637,0.0007743323169797952,0.0009479645372613074,0.007521580742233633,0.000987707785932974,0.00998098366494061,0.021229859921084237,0.0014890748861587841,0.020295405834132713,0.013810339339427328,0.002042328768016906,0.0013470744387931155,0.0010258753344194343,0.007717921196538246,0.001246132023389582,0.0017001843971850958,0.0015354366274008512,0.0011003551992770286,0.012622008702698485,0.012889620712750195,0.010913068792080602,0.0005007399951901652,0.0009697189959971566,0.0026053851974616083,0.010573241956445939,0.00968805640689065,0.01091435352904903,0.010958024098637225,0.0026610672506276615,0.0,0.0010656094269395205,0.004440855622902667,0.0,0.0028114858431177387,0.02790823840240454,0.02777506036785172,0.002417528553601591,0.014235852456979423,0.015078285816894004,0.01148449537132616,0.002404694978163249,0.010206070384307203,0.010550532298962035,0.01215889668769682,0.0026495819088687596,0.004699997528873608,0.0003288149158873523,0.0,0.0024964297432793136,0.0,0.0026333233220647697,0.00235242783449859,0.002514072313577131,0.002441297794957906,0.00015195265730791682,0.0,0.0005234902612377578,0.006699376911541287,0.00754793308185822,0.006743723802614049,0.001714683279182846,0.004887973831703006,0.00296417879503962,0.002111006158207106,0.0012929607415049175,0.0013666824266111068
0.000326115712395687,0.0006826525824188608,0.0006027842558330898,0.20342034524438862,0.0006811671508382297,9.2458050362733e-05,0.0006838073919287217,0.0,0.0007435504246449077,0.0010266003975068299,0.0044245614313769615,0.004464847837437781,0.2066549581758331,0.0008522790985408832,0.0032439752249447218,0.00032594743330451406,0.0023816806275251245,0.0,0.0013038581770726165,0.0007388136690891798,0.0054009254754303765,0.0056264984956423585,0.0,0.0008467546657672908,0.0021972257469841474,0.00519760841117305,0.29074579385949634,0.004995899378285669,0.0021231226107658683,0.0009322884602303229,0.002983417771753291,0.005031478052735903,0.002492889706490517,0.002480431108784674,0.0012545934838146832,0.005065720808282401,0.0017785007922424025,0.0047839274651891054,0.0009265788430391579,0.0010239219087869727,0.005587858056925667,0.2550644058416231,0.004374643686422781,0.0023395168057239015,0.004599899386686859,0.004015245725461053,0.00027165474257900694,0.00020374114491149783,0.00024942699138586594,0.001979066917863047,0.00025988417470277904,0.0026261812850192825,0.005585968545783022,0.00039180312575390715,0.005340096403593068,0.003633755542589141,0.0005373744480979875,0.0003544401833972327,0.00026992676217662653,0.0020307277204348554,0.0003278803681428934,0.00044734994013196386,0.0004040017567985104,0.25958429706948566,0.003321083787644344,0.0033914974538757463,0.0028714301100963287,0.00013175394812520045,0.00025515099157619707,0.0006855250018967605,0.0027820153884766654,0.0025491067091270294,0.002871768148139063,0.0028832586821794606,0.0007001759792798606,0.0,0.00028038153634082165,0.001168471196612166,0.0,0.0007397538912149298,0.00734317336353314,0.007308131761055939,0.0006360964466628063,0.0037457159087573356,0.003967375696805567,0.003021783005016751,0.000632719695756536,0.0026854057612583646,0.0027760400578403753,0.0031992304566007264,0.0006971539735746286,0.001236656221903374,8.651728199614208e-05,0.0,0.0006568568080313192,0.0,0.0006928760388721121,0.0006189672441824798,0.0006614988943718182,0.0006423505734006676,3.998155274341633e-05,0.0,0.000137739963625182,0.001762729892864192,0.001986000705499795,0.0017743983795879177,0.000451164863974585,0.00128611626162388,0.0007799302291544606,0.0005554447388504915,0.00034020186943418615,0.00035959940741493897
0.00020613830201516323,0.0004315058700248977,0.000381020963590193,4.4347476062216904e-05,0.00043056692617106867,5.844289246106958e-05,0.0004322358270998418,0.0,0.0004699995007078413,0.000648915874784291,0.002796772881397325,0.0028222379878733808,4.752872612094235e-05,0.0005387270822543636,0.0020505223122705514,0.00020603193251255878,0.0015054644159700741,0.0,0.000824170993528277,0.0004670053893841467,0.0034139342708664287,0.0035565193644374843,0.0,0.0005352350788081651,0.0013888701691188458,0.003285417205286158,0.00023121187119294257,0.0031579165790971493,0.0013420294494190235,0.0005893011372203713,0.0018858234985160392,0.0031804059203350927,0.0015757598658218779,0.0015678847648103184,0.0007930306962917968,0.003202050824939107,0.001124193405930233,0.003023928768698078,0.0005856920783857102,0.0006472227974632933,0.003532094676747136,0.00017246192560387949,0.0027652197890618182,0.0014788125917794374,0.002907604304148703,0.0025380437205549684,0.0001717134294396033,0.00012878512769026864,0.0001576632297270236,0.0012509715984726228,0.00016427323326525934,0.0016600137015815677,0.0035309003135080208,0.0002476594288384004,0.0033754841100643424,0.0022969031206281137,0.00033967531175820655,0.0002240422487917357,0.00017062117005889004,0.0012836264805225022,0.00020725374394434283,0.00028277066562649794,0.0002553702044768122,0.00018300848580912423,0.0020992627672120293,0.0021437713665952815,0.0018150359052074264,8.328189694021598e-05,0.0001612813800801647,0.00043332153131119325,0.0017585167060727588,0.001611294729759412,0.001815249579634929,0.0018225127659405953,0.0004425824392828718,0.0,0.0001772296507675542,0.0007385926506080344,0.0,0.0004675997054049707,0.004641632497378913,0.004619482640257722,0.00040207765663818386,0.0023676734604113885,0.0025077849932094868,0.0019100742283666454,0.00039994320658966203,0.0016974495947496002,0.001754739689312985,0.0020222390673366127,0.00044067222428531636,0.0007816925222245743,5.4687722571344724e-05,0.0,0.0004152003167218966,0.0,0.000437968134411111,0.00039125025832539064,0.0004181345874720198,0.0004060309008926836,2.527240817043973e-05,0.1589491837199743,8.70656676206837e-05,0.001114224593341614,0.0012553544575488484,0.0011216002638441036,0.0002851820855407916,0.000812956298295618,0.0004929952376324815,0.0003510975735844685,0.00021504218607675666,0.0002273034031559737
0.0005778195787487441,0.0012095400884162525,0.0010680274870020568,0.0001243089696884922,0.0012069081653976557,0.00016381937355935597,0.0012115862073831093,0.21042880933702568,0.0013174403342623257,0.0018189550110083406,0.007839543221162463,0.007910923633986969,0.00013322622839712336,0.0015100883857375445,0.005747752489995363,0.0005775214178510078,0.004219918405037918,0.0,0.0023102069418540786,0.0013090476380633593,0.009569488265809216,0.009969163910256007,0.0,0.0015003000643021467,0.003893096858816255,0.009209246253676244,0.0006481024860900794,0.008851853389785693,0.0037617991588708615,0.00165185087650418,0.005286090594783626,0.008914892531727826,0.004416961297233348,0.004394886857380979,0.0022229185861463168,0.008975564660769765,0.0031511900209546724,0.008476276510547777,0.0016417344409114876,0.0018142092009631211,0.009900699861535604,0.00048342242188111463,0.007751097772920718,0.004145211542333741,0.008150211182333568,0.007114307914252108,0.0004813243365951239,0.00036099340832651474,0.0004419406781488574,0.003506557854555933,0.000460468964365701,0.004653130487581335,0.009897351980734452,0.0006942061006888117,0.009461709868974218,0.006438374531145529,0.0009521328333103172,0.0006280055504155624,0.0004782626598029979,0.003598091693758525,0.0005809462377894778,0.0007926252680726273,0.0007158199254252037,0.0005129851422269653,0.00588437527609086,0.0060091358853270604,0.005087668191249846,0.00023344478021290836,0.00045208259788169703,0.0012146295095929165,0.004929241059969761,0.004516567920119808,0.005088267135097168,0.005108626336713202,0.001240588459922451,0.0,0.0004967866774257328,0.0020703250685059956,0.0,0.0013107135459972028,0.013010809287371927,0.012948721742330586,0.0011270508193371449,0.006636748571882846,0.007029490658471309,0.0053540670279338095,0.001121067811735741,0.004758065823755998,0.00491865382697267,0.005668472644796221,0.001235233998308977,0.002191136918696565,0.00015329337881408455,0.0,0.0011638345215773814,0.0,0.0012276542518148141,0.0010967008908139978,0.0011720594806082672,0.0011381320299006135,7.084026646312258e-05,0.0,0.00024405094490572167,0.0031232467661870215,0.003518843304471755,0.0031439212686015443,0.0007993846409084482,0.0022787713939147456,0.0013818989375054777,0.0009841502044261568,0.0006027777669525022,0.0006371467862875841
0.24884997798444056,0.001543564135707124,0.0013629717118713988,0.00015863787334994655,0.0015402053863623482,0.0002090593872678723,0.0015461753065851111,0.0,0.31210852082938506,0.0023212738017915078,0.01000449499144495,0.010095587668970134,0.00017001770347156565,0.0019271112187975495,0.007335039730758331,0.0007370085181424447,0.0053852821977615215,0.0,0.002948188832812294,0.30923703446094875,0.012212178021742355,0.012722227251686846,0.0,0.001914619775098286,0.004968206300604074,0.011752452333087004,0.0008270811057624058,0.011296362607461252,0.0048006497039459915,0.002108022540903795,0.00674588625738774,0.011376810506277934,0.005636740040706697,0.005608569569964753,0.0028367951083498274,0.011454237722889457,0.0040214160305449,0.010817067207048739,0.002095112371731547,0.0023152173988241036,0.012634856315243982,0.0006169233413250637,0.009891624634207553,0.00528994444495305,0.010400956363473449,0.009078980227266154,0.2540912432674036,0.00046068458884160985,0.0005639860864751272,0.0044749214977750805,0.0005876311052507216,0.005938129218024057,0.012630583890720998,0.0008859165976180308,0.012074635769483203,0.008216382502492401,0.001215071834329511,0.0008014342425935994,0.25348481604112966,0.004591733129526534,0.0007413791291531134,0.0010115149953021708,0.0009134992507421932,0.0006546500403545636,0.007509391978159682,0.0076686062148850825,0.006492667940153968,0.00029791239980850537,0.0005769287774340763,0.2983297899244715,0.006290489905453933,0.005763853819108007,0.006493432287074653,0.006519413842995871,0.0015831867601972575,0.0,0.000633978241577364,0.0026420616857648844,0.0,0.3073371903131125,0.016603847019910495,0.01652461350899363,0.001438294803544744,0.008469539101161539,0.008970740016490033,0.006832634919369917,0.0014306595411457258,0.0060720432759695615,0.006276978924456122,0.007233866130225557,0.3001205647274216,0.002796236682450408,0.00019562655594872454,0.0,0.293778170230454,0.0,0.3013782803126113,0.2873865024731996,0.0014957329620643698,0.0014524361779148865,9.040336548050119e-05,0.0,0.00031144754063931984,0.003985756025302122,0.004490599671704739,0.004012139954827297,0.273863470138611,0.00290807211005944,0.0017635212421096421,0.2867827287331565,0.0007692396075005589,0.0008130999029410523
0.0005415175065705426,0.0011335495661026985,0.0010009276303211694,0.000116499138807023,0.001131082996185489,0.00015352726345810688,0.0011354671356725605,0.20356226711629297,0.0012346708749642688,0.0017046774085748672,0.0073470163592741135,0.007413912228836732,0.0001248561621391143,0.0014152156268510809,0.005386644397732226,0.0005412380779186986,0.0039547979623254376,0.0,0.002165065963191887,0.0012268054579963803,0.008968275938448957,0.009342841575159428,0.0,0.001406042266147925,0.0036485092948719544,0.008630666478079623,0.0006073848224902028,0.008295727165467172,0.003525460499525072,0.0015480717524455345,0.004953986856229296,0.008354805812533402,0.004139461444826633,0.0041187738529425335,0.0020832615825963578,0.00841166615656719,0.002953213469458021,0.007943746265804894,0.0015385908916733901,0.001700229758621729,0.009278678846314071,0.0004530509421024411,0.007264127581598735,0.003884784630304256,0.007638166306233395,0.006667344659804426,0.00045108467104755176,0.0003383136493725136,0.0004141753289175548,0.003286254976261668,0.0004315395576875414,0.004360793078072719,0.009275541299352333,0.0006505919330478926,0.008867268823316853,0.0060338774432378,0.0008923141699951785,0.000588550496177239,0.00044821534705201106,0.003372038113757897,0.0005444477302422655,0.0007428278213434112,0.0006708478484048091,0.0004807563560376939,0.005514683725557295,0.005631606129221963,0.004768030531519729,0.00021877838680466708,0.00042368007276416986,0.001138319239486634,0.004619556737520409,0.004232810185587877,0.004768591846142331,0.004787671961286154,0.0011626472937316607,0.0,0.00046557557540642983,0.0019402548998350153,0.0,0.0012283667036579837,0.012193392648652648,0.012135205813494379,0.0010562427648910203,0.006219788443590222,0.00658785612990027,0.005017692604422802,0.0010506356455110906,0.004459135750571802,0.004609634657644746,0.005312345385250675,0.0011576292313319146,0.002053476629048553,0.00014366257448204746,0.0,0.0010907154955705526,0.0,0.001150525689719766,0.001027799599891249,0.0010984237136196795,0.0010666277877161502,6.638965841720601e-05,0.0,0.0002287182089740128,0.002927025776614501,0.003297768580940692,0.00294640138348013,0.0007491625300633212,0.0021356053838625226,0.0012950798043066055,0.00092232001889898,0.0005649076725352969,0.0005971174250914684
0.0,0.0,0.0,0.0,0.0,0.0,0.0,0.0,0.0,0.0,0.0,0.0,0.0,0.0,0.0,0.0,0.0,0.0,0.0,0.0,0.0,0.0,0.0,0.0,0.0,0.0,0.0,0.0,0.0,0.0,0.0,0.0,0.0,0.0,0.0,0.0,0.0,0.0,0.0,0.0,0.0,0.0,0.0,0.0,0.0,0.0,0.0,0.0,0.0,0.0,0.0,0.0,0.0,0.0,0.0,0.0,0.0,0.0,0.0,0.0,0.0,0.0,0.0,0.0,0.0,0.0,0.0,0.0,0.0,0.0,0.0,0.0,0.0,0.0,0.0,0.0,0.0,0.0,0.0,0.0,0.0,0.0,0.0,0.0,0.0,0.0,0.0,0.0,0.0,0.0,0.0,0.0,0.0,0.0,0.0,0.0,0.0,0.0,0.0,0.0,0.0,0.0,0.0,0.0,0.0,0.0,0.0,0.0,0.0,0.0,0.0,0.0
4.402649086287922e-05,9.215991913299287e-05,8.137748205006133e-05,9.471620414828715e-06,9.195938190824012e-05,1.2482083367254298e-05,9.231582149648454e-05,0.0,0.00010038129023663669,0.00013859379141420463,0.0005973275927116656,0.0006027663649661679,1.0151063658873227e-05,0.00011505995117158107,0.0004379453064412487,4.4003772736802076e-05,0.00032153323621158375,0.0,0.00017602433105010082,9.974181560457444e-05,0.0007291393424387233,0.0007595923017282932,0.0,0.00011431413801451967,0.0002966313354319689,0.0007016909965554938,4.938163958348946e-05,0.0006744597391955252,0.0002866272144233305,0.00012586142836962214,0.00040276935540252976,0.000679262955127961,0.00033654675844567466,0.00033486481453064154,0.00016937346608057963,0.0006838858184457471,0.00024010234988088591,0.0006458429656381394,0.00012509061482233628,0.00013823218829399676,0.0007543757394547346,3.6833976595165865e-05,0.0005905885640215841,0.0003158410078254112,0.0006209986842719544,0.0005420688808447726,3.667411470043181e-05,2.7505597902486227e-05,3.3673309012112815e-05,0.0002671793117119255,3.508505664724338e-05,0.0003545414770107071,0.0007541206504115055,5.289446684225461e-05,0.000720927255520957,0.0004905666887942728,7.254698357012897e-05,4.7850369984141486e-05,3.6440832737910695e-05,0.0002741536578287944,4.42647240947581e-05,6.039343491623176e-05,5.454131456473793e-05,3.9086483926272425e-05,0.00044835516803977757,0.0004578612007610629,0.0003876507224287431,1.7787134359979137e-05,3.444606430264283e-05,9.254770342271352e-05,0.0003755794965577902,0.00034413620372180975,0.00038769635846599624,0.00038924761120454987,9.452562444084182e-05,0.0,3.7852255130999555e-05,0.0001577467276362469,0.0,9.98687480989468e-05,0.0009913479869435614,0.0009866172771597558,8.587471664944026e-05,0.0005056816368042841,0.000535606299315891,0.00040794876420598115,8.541884627193223e-05,0.0003625369392435573,0.0003747728109868047,0.00043190464338890155,9.411764561151287e-05,0.0001669518878872384,1.1680063794849123e-05,0.0,8.867742079818089e-05,0.0,9.354011301822336e-05,8.356222863422474e-05,8.93041148337222e-05,8.671904043763496e-05,5.397616243666224e-06,0.0,1.8595262416057668e-05,0.00023797323640679566,0.00026811539153399823,0.00023954851323216496,6.090845980867221e-05,0.00017362912515015943,0.0001052926608635441,7.498652101179445e-05,4.5928159628216405e-05,4.8546878985214996e-05
0.002157285447880819,0.004515809652935773,0.0039874733227898045,0.00046410668868430944,0.0045059833863349465,0.0006116185114838818,0.004523448824113377,0.0,0.004918654483307494,0.006791056101102592,0.2871167577051497,0.2884347254613397,0.0004973992131238169,0.005637904666747195,0.24914477718472683,0.0021561722662070413,0.22971333787340417,0.0,0.008625141827224533,0.004887320409412451,0.3013107458000808,0.3094269091235757,0.0,0.0056013600355709885,0.014534850513202842,0.2891773017900492,0.002419686202058359,0.2854905361931326,0.01404465144787214,0.0061671739570825146,0.23486029518806653,0.2889622121769864,0.01649069481343703,0.016408280043126278,0.008299251347802614,0.2848232472362571,0.011764946404955203,0.28082135466856006,0.006129404313942698,0.006773337651736218,0.30136828564373586,0.0018048543079169548,0.27120021593482313,0.015476118960919886,0.2768462090359204,0.2624472163216105,0.0017970211208420512,0.0013477664226090944,0.001649982501218912,0.2207585056560764,0.0017191577311692766,0.017372430871392678,0.03695169597200025,0.002591813732046052,0.03532522912534274,0.024037627305955895,0.003554781425367797,0.0023446544300794363,0.001785590371465108,0.21513417773615862,0.0021689588080387886,0.0029592610207817903,0.002672508798969597,0.0019152265222679775,0.2678448320469255,0.27067582730351114,0.018994774417988306,0.0008715644913375791,0.001687847289221784,0.004534810972112825,0.25070610020446915,0.01686257545917567,0.018997010570748516,0.25324167197829367,0.00463172853573958,0.0,0.0018547496646485436,0.19164251497977194,0.0,0.004893540065297031,0.04857576754595402,0.04834396412090849,0.004207836530640338,0.02477825543116869,0.02624455532706761,0.26078470615983446,0.004185499012654154,0.24880287722583513,0.01836376044416703,0.26726189715041054,0.004611737689903242,0.19830971592918026,0.0005723197820472353,0.0,0.004345168231538881,0.0,0.004583438758174597,0.004094525279939921,0.004375876059863369,0.004249208154539342,0.00026448165064920124,0.0,0.0009111625347254149,0.23103013381439377,0.2438476455425408,0.23149288103055612,0.0029844970930642386,0.20309429343231616,0.005159310237943391,0.003674318061591118,0.0022504666729511627,0.0023787831717275863
0.24750167057152495,0.0015301040037808624,0.0013510863754417934,0.000157254525127222,0.0015267745432801598,0.0002072363551903876,0.001532692404821376,0.0,0.3104149637631718,0.0023010319142752664,0.009917254157503974,0.010007552491970363,0.00016853512126743914,0.001910306493524692,0.0072710769836482865,0.000730581683224807,0.005338321655491076,0.0,0.002922480143607096,0.30755904284053315,0.012105685830406018,0.01261128734757646,0.0,0.0018979239772591852,0.0049248827284271495,0.011649969025007301,0.000819868823136922,0.011197856476445412,0.004758787252718927,0.002089640239289162,0.006687061025002821,0.011277602856416059,0.0055875867448851434,0.005559661925259238,0.002812057790655756,0.011354354895024824,0.003986348624501082,0.010722740610379393,0.0020768426489053355,0.0022950283241330986,0.012524678300000952,0.0006115436688057737,0.009805368048257209,0.005243815263492737,0.010310258321472423,0.008999810033564457,0.25271499713781476,0.00045666734381838133,0.0005590680354833207,0.0044358994498236185,0.0005825068658247866,0.005886347759242512,0.01252044313171915,0.0008781912598729031,0.011969342969100571,0.008144734302147611,0.0012044762090415038,0.0007944456048130307,0.2521118626161169,0.004551692465025542,0.0007349141817920461,0.0010026944189702892,0.000905533387746874,0.000648941384844329,0.007443908850912927,0.007601734713432625,0.006436050812944125,0.0002953145549174962,0.0005718978640585449,0.2967111874415842,0.006235635803800789,0.005713592070331796,0.006436808494634548,0.006462563487135262,0.0015693811124996946,0.0,0.0006284498475361917,0.0026190224753912736,0.0,0.3056694666551433,0.0164590587560467,0.016380516174314602,0.0014257526374262626,0.008395683333837663,0.008892513695143928,0.006773053224452804,0.0014181839557651647,0.006019094064682605,0.006222242640768862,0.007170785633473055,0.2984921900423741,0.0027718530408691057,0.0001939206603591359,0.0,0.29218439913523747,0.0,0.2997431355090669,0.2858275834251493,0.0014826899258016612,0.0014397706966971242,8.961503333556693e-05,0.0,0.00030873166710472614,0.003950999580341135,0.004451440907510285,0.003977153437682117,0.27237894482870445,0.0028827132452432717,0.0017481430482112164,0.28522755078415485,0.0007625317122078764,0.0008060095386927254
0.0007706068209676723,0.20556106727702544,0.19906710670147063,0.00016578417117130953,0.0016095883537747538,0.00021847706674263547,0.0016158272061697705,0.0,0.0017569991484174595,0.2093908533379946,0.010455176151318326,0.010550372359666223,0.00017767663836683976,0.0020139234686947565,0.007665467625060074,0.0007702091798527087,0.005627877674015747,0.0,0.21449585148576752,0.001745806261961036,0.012762310593164052,0.013295336452987448,0.0,0.00200086931210097,0.2634439752478008,0.01228187524282522,0.0008643393454209895,0.011805239647895009,0.26225249519183763,0.002202984459979785,0.007049774044372802,0.011889311552958802,0.0058906631564284535,0.005861223666066925,0.2182256100328521,0.011970226700527156,0.24485762869967614,0.011304353012026374,0.002189492715223593,0.0024195130043047726,0.013204029642219197,0.0006447144219602274,0.010337221225238764,0.27028747225939154,0.010869497262508427,0.009487968921127328,0.0006419163187255508,0.00048143744693314455,0.0005893924566939547,0.004676507166285499,0.0006141026331307929,0.24220480897907076,0.30786747493091,0.0009258252506891742,0.3002021152257201,0.26482215957732413,0.001269808228729565,0.0008375371457709393,0.0006378331254479538,0.004798580912889275,0.0007747766775669369,0.001057081588288815,0.0009546504435030473,0.0006841406283103215,0.007847674069315193,0.008014060567802647,0.2491674608910966,0.00031133271797560615,0.0006029181882739696,0.0016198858942575334,0.006573863058140403,0.23936086478796922,0.2505640229487186,0.006813099530776054,0.1926940570157983,0.0,0.0006625376090909564,0.0027610809292165275,0.0,0.0017480279935605505,0.30616427077977815,0.3049485675871799,0.0015030869165755063,0.25633497727912524,0.2639323752969628,0.007140430548543221,0.0014951077018913535,0.006345575873942308,0.23698340230679366,0.007559736369625607,0.0016473649900360648,0.0029222011806489534,0.00020443911502465964,0.0,0.0015521433571830613,0.0,0.0016372562907734747,0.0014626108531190472,0.0015631125416214029,0.0015178653296976084,9.447584426589208e-05,0.0,0.00032547758803052414,0.004165305832662865,0.004692891608509297,0.004192878301936482,0.001066096199430976,0.0030390745557278853,0.20267127126087217,0.0013125080704773089,0.0008038922110378037,0.0008497283192343043
0.0005011715765242386,0.0010490941035496335,0.0009263532062917403,0.00010781933428042542,0.0010468113061903306,0.0001420886670018086,0.0010508688040030104,0.0,0.0011426813378817252,0.0015776698887008682,0.006799624623118466,0.0068615363951385075,0.00011555371499309851,0.0013097745469440325,0.004985310783549414,0.0005009129667909028,0.0036601445116073794,0.0,0.0020037570510391175,0.0011354019362483751,0.008300091753712026,0.00864675026130275,0.0,0.0013012846503297165,0.003376675976469315,0.007987635991063922,0.0005621314276100057,0.007677651435984613,0.003262794969844144,0.0014327321856300883,0.004584888526578711,0.007732328410098732,0.003831049583980187,0.003811903327555893,0.0019280475312319157,0.0077849523565369505,0.0027331833825174514,0.007351894982592495,0.0014239576993349467,0.0015735536122891247,0.008587367996501791,0.00041929624092345696,0.006722911499572712,0.0035953475446376714,0.007069082352835507,0.00617059207475383,0.00041747646750432276,0.00031310748583084574,0.2502650794989196,0.0030414115283992874,0.0003993875688867759,0.004035890835135889,0.0085844642134511,0.000602119378973557,0.008206610205070112,0.005584321529940411,0.000825832025567477,0.2839251818870592,0.00041482092338440853,0.0031208033665883254,0.0005038834829710427,0.0006874832037590754,0.30487486723318336,0.0004449374543869379,0.005103810501480206,0.00521202156513857,0.004412786935607881,0.00020247823513355113,0.0003921136573291235,0.001053508410936427,0.004275375227753002,0.003917443347812771,0.004413306429310156,0.004430964974548063,0.0010760238959425597,0.0,0.0004308877225324273,0.0017956956057939015,0.0,0.0011368468608169693,0.011284920141558229,0.01123106853462883,0.0009775470695771388,0.005756381173459406,0.006097025862462835,0.0046438478582132405,0.0009723577103684302,0.004126906456270846,0.004266192395520712,0.0049165474420733565,0.0010713797058407384,0.0019004817149007116,0.0001329589497423188,0.0,0.0010094513987486398,0.0,0.0010648054158030767,0.0009512230714213798,0.0010165853136175032,0.000987158353050636,0.18167831933450784,0.0,0.00021167748776442177,0.0027089468118642944,0.003052067308385064,0.0027268788331214796,0.000693345943037968,0.001976491441324446,0.0011985894811777284,0.0008536022793775587,0.0005228190509077696,0.000552629005843971
0.00038345802010360556,0.0008026862788976487,0.000708774365986172,0.1953112060585907,0.0008009396575873049,0.000108715341172264,0.0008040441434574239,0.0,0.0008742920467922304,0.0012071118958779418,0.005202550818048295,0.005249920953610571,0.1984177197571397,0.0010021389441844475,0.003814377135907979,0.0003832601517867067,0.0028004616252337786,0.0,0.0015331210857743814,0.0008687224074339452,0.006350593089555923,0.006615829569834205,0.0,0.0009956431269851009,0.002583573261373314,0.006111525924283014,0.2792128059242005,0.005874349537350266,0.0024964402566830905,0.0010962166909995433,0.0035080047615441345,0.005916184160902669,0.0029312250678301096,0.002916575822093204,0.0014751939727293733,0.005956447965269199,0.002091222123386978,0.005625105704489618,0.0010895031276217158,0.0012039624371357022,0.006570394819029379,0.24493641974314573,0.005143855824459817,0.0027508839599654426,0.0054087191890790365,0.004721263396982904,0.00031942094717199606,0.00023956581382565112,0.00029328479629087676,0.0023270546408249203,0.0003055807104653482,0.0030879538694681893,0.006568173067135243,0.0004606955297195432,0.006279068184238962,0.004272694178595987,0.0006318632745664886,0.0004167629028734256,0.0003173891286527133,0.0023877991812385805,0.00038553296274901593,0.0005260093758632957,0.00047503909775548737,0.24927939401797747,0.003905044023954013,0.0039878388235145106,0.003376325834762136,0.00015492080316456005,0.0003000152716915648,0.0008060637680649473,0.0032711889437227063,0.0029973269442738924,0.003376723311466444,0.0033902342748011937,0.0008232908888885211,0.0,0.000329682210062935,0.001373928438803177,0.0,0.0008698279528004934,0.008634354654587907,0.008593151538649533,0.0007479439804982677,0.004404341010407756,0.004664976178327632,0.003553115916354637,0.0007439734811703165,0.0031575920363430075,0.0032641629453786696,0.0037617647053288456,0.0008197375111136287,0.0014541027260425378,0.00010172998232827469,0.0,0.0007723547241834609,0.0,0.0008147073690235443,0.0007278028777565201,0.0007778130482372188,0.0007552977968438829,4.7011678594180686e-05,0.0,0.0001619593651371502,0.002072678159937942,0.002335207625725508,0.0020863983661304486,0.0005304950939318643,0.0015122595341464636,0.0009170686664972728,0.0006531109411194091,0.00040002100582781856,0.0004228292951136751
0.000474438710721492,0.0009931346413647527,0.0008769408351403538,0.00010206817054873545,0.0009909736101197308,0.0001345095514953114,0.0009948146779718895,0.0,0.0010817298627945947,0.001493515799779517,0.0064369275727000725,0.006495536924609823,0.00010938999362377634,0.0012399101954216657,0.0047193905869455125,0.2622934887838322,0.0034649096726206015,0.0,0.0018968751549862087,0.001074838749875338,0.007857358667088678,0.008185526151251706,0.0,0.0012318731562268462,0.003196561560635227,0.007561569527935256,0.0005321469178698013,0.007268119780295211,0.0030887550518670696,0.3262362380318783,0.004340327151906151,0.007319880243817028,0.0036266985409252593,0.003608573560103157,0.0018252040374504063,0.0073696971896908894,0.00258739334173767,0.006959739419165354,0.3209528647524025,0.3366677561804782,0.008129311380758777,0.0003969306666066925,0.006364306384397898,0.003403569024212373,0.006692012226078678,0.005841448089769863,0.00039520796125942,0.0002964060989353609,0.000362870649018799,0.002879180368357248,0.0003780839379897851,0.003820613406917642,0.008126562487662444,0.27778055981399513,0.007768863493995446,0.005286449653217838,0.0007817815291921346,0.0005156456351138274,0.00039269406584409387,0.002954337386665117,0.0004770059620551415,0.26248045923529323,0.0005877486589549496,0.0004212041586137958,0.004831569441512352,0.004934008446301748,0.0041774055881981815,0.0001916778950078369,0.00037119802230149213,0.0009973134863021365,0.004047323523359544,0.003708483996938897,0.004177897371718797,0.004194613996979137,0.0010186279785398297,0.0,0.00040790384993854065,0.0016999118624595492,0.0,0.001076206601089423,0.010682974081825137,0.010631994959786619,0.3129516562775514,0.005449331506982351,0.0057718059541282864,0.0043961415488032885,0.3138770236277664,0.003906774186916898,0.004038630510249596,0.004654295133406311,0.0010142315130029483,0.00179910860232844,0.00012586682016588495,0.0,0.0009556065080142248,0.0,0.0010080079005008002,0.0009004841231092254,0.31265081926938826,0.3080001438756329,5.816584609457366e-05,0.0,0.22023301463441644,0.0025644495678454203,0.002889267761088587,0.002581425081710138,0.0006563623531491342,0.0018710639132358737,0.0011346558240155926,0.0008080704969453298,0.0004949314926707937,0.0005231513623702742
0.0004294132890434322,0.0008988836770146153,0.0007937169539590332,9.238164557720397e-05,0.000896927733046132,0.00012174425823626635,0.0009004042739407951,0.0,0.0009790709900815973,0.0013517774105033676,0.005826047027494972,0.005879094205146211,9.900860930802203e-05,0.001122239613046784,0.004271508602531669,0.2500583703550529,0.0031360810682917444,0.0,0.001716856952858463,0.0009728338610342482,0.007111675654158679,0.007408699222318315,0.0,0.00111496530899691,0.0028931998640978488,0.006843957644989405,0.00048164484282763026,0.006578357013220869,0.002795624462967482,0.31098134732998084,0.0039284192366811944,0.006625205279142332,0.003282515767862668,0.0032661108931069127,0.0016519876038467323,0.00667029447210734,0.002341843234577189,0.006299242720570099,0.3059443656342493,0.32092073693728135,0.007357819374311224,0.0003592609524011605,0.005760317771811643,0.003080561801019103,0.006056923508516587,0.0052870800386207225,0.00035770173610512936,0.00026827641792299587,0.00032843331577123077,0.002605938941713678,0.0003422028255236384,0.003458027627494811,0.007355331358053172,0.2648197429369748,0.007031578894590638,0.0047847523434557514,0.0007075885044314345,0.00046670957312566443,0.00035542641565970267,0.002673963370785245,0.0004317369017969259,0.25022809729209117,0.0005319698394528126,0.00038123082923412086,0.004373041402895736,0.004465758689615567,0.0037809593373370884,0.0001734871827955761,0.00033597040047702063,0.0009026659391032953,0.003663222386187014,0.0033565395793036133,0.003781404449370134,0.003796534625033568,0.0009219576326545234,0.0,0.00036919275315713113,0.0015385859700036367,0.0,0.0009740718997429133,0.009669133090480899,0.009622992014779432,0.29833611740448623,0.00493217630142947,0.005224047116040732,0.003978936707549301,0.2992186378116371,0.0035360115337189964,0.0036553543617891654,0.0042125908705373015,0.0009179784027061759,0.0016283686908627943,0.00011392174375205858,0.0,0.0008649170574923501,0.0,0.0009123454266148805,0.0008150259249454768,0.2980475005806525,0.293614703968066,5.264576164849924e-05,0.0,0.20996943807459043,0.002321076882280268,0.0026150690156152147,0.0023364413773712465,0.0005940719222540639,0.001693495262583545,0.0010269741450520927,0.0007313825833152782,0.0004479612546702617,0.000473502988070563
8.521282202887918e-05,0.0001783745793353024,0.0001575052828236398,1.8332224279414566e-05,0.0001779864415912283,2.4158944482678998e-05,0.00017867632676267454,0.0,0.00019428695888129186,0.0002682468634365715,0.0011561214362781316,0.0011666481242583737,1.964727971760088e-05,0.00022269735674305504,0.0008476386540183264,8.516885132859625e-05,0.0006223242846903436,0.0,0.0003406932894388717,0.00019304926228213258,0.0014112417275089098,0.0014701831182338016,0.0,0.00022125384301816144,0.0005741269108427888,0.0013581157352507622,9.557765751596752e-05,0.001305409915605388,0.0005547640371193409,0.00024360350520245274,0.0007795559611483796,0.0013147064908353263,0.0006513828031660663,0.0006481274179494553,0.0003278206084261825,0.0013236539954272588,0.00046471563842864023,0.0012500224435540491,0.00024211160347839997,0.00026754698430190833,0.0014600865153952104,7.129178434854948e-05,0.0011430781152875057,0.0006113070349638242,0.0012019365914908969,0.0010491687655662175,7.09823732890217e-05,5.323680295489238e-05,6.517434462150026e-05,0.0005171228206584764,6.790676770642755e-05,0.0006862113965989974,0.0014595927931653403,0.000102376698687603,0.0013953473174095731,0.0009494868004746795,0.0001404139434811439,9.261390089375877e-05,7.053085844045539e-05,0.0005306215961179041,8.56739200085634e-05,0.00011689087457044262,0.00010556415558308219,7.565148921174502e-05,0.0008677868344968346,0.0008861856634428538,0.0007502940019127987,3.4426816330679085e-05,6.667000456970952e-05,0.00017912513185534034,0.000726930267905118,0.0006660720967467747,0.0007503823299953769,0.0007533847637787976,0.00018295337772280862,0.0,7.326265202274298e-05,0.00030531717527910437,0.0,0.00019329493882461058,0.0019187438727108408,0.001909587632388776,0.0001662096343181194,0.0009787416275006241,0.0010366605052239866,0.0007895806538262019,0.00016532730187268746,0.000701686531839924,0.000725368936246691,0.0008359470125650193,0.0001821637388782449,0.0003231336686412046,2.2606643816702858e-05,0.0,0.00017163423948526893,0.0,0.00018104593046055546,0.00016173383745531232,0.00017284719937079478,0.00016784381436036404,1.0447030942898043e-05,0.0,3.5990939904225704e-05,0.00046059476111157214,0.0005189345935642829,0.0004636436932689064,0.0001178876999735086,0.000336057392957594,0.000203792866414372,0.0001451356432072672,8.889348244224828e-05,9.396198692984184e-05
0.000754334974356987,0.20413941947757272,0.19769234246834405,0.00016228353436096858,0.001575600885605085,0.00021386378637545085,0.0015817080007166561,0.0,0.001719899008812864,0.20793151710805613,0.010234408545850835,0.010327594626520113,0.00017392488464867644,0.0019713982108374344,0.007503606465775856,0.000753945729683701,0.0055090415052153055,0.0,0.21299240614978812,0.0017089424671779426,0.012492826396139788,0.013014597080438419,0.0,0.00195861970095212,0.2615772922179148,0.01202253573971535,0.0008460882777356425,0.011555964604479597,0.2603964246474035,0.0021564670606483054,0.006900913641416624,0.011638261278509544,0.005766278107258685,0.005737460250210577,0.21669845489050865,0.01171746785195958,0.24313156114776296,0.011065654504253302,0.002143260202549238,0.0023684234688797316,0.012925218270278135,0.0006311008723569937,0.010118944312056777,0.2683694164695258,0.010639981006775438,0.00928762450328573,0.0006283618528280366,0.0004712715931203026,0.0005769470651040175,0.004577759782778025,0.0006011354706587887,0.24046812247676824,0.3055839468450477,0.0009062758695292767,0.29797905456228346,0.2628975178180858,0.0012429954311255573,0.0008198520233506333,0.0006243648787388596,0.004697255865616206,0.0007584167818174097,0.00103476064719201,0.0009344924003079477,0.0006696945696185173,0.007681965506618851,0.007844838649776696,0.24737510900913326,0.0003047587322620805,0.0005901871923737942,0.001585680987058461,0.0064350518143113005,0.23764613401448126,0.24876215794520676,0.0066692366586969965,0.19135935894945647,0.0,0.0006485477117067095,0.002702778972709727,0.0,0.001711117285520509,0.3038329036619672,0.3026266567360218,0.0014713482930861208,0.25446429276189647,0.26200250458223373,0.006989655876610979,0.0014635375645272932,0.0062115850572666935,0.23527717223419806,0.007400107792150391,0.0016125798444854198,0.0028604970689238922,0.00020012225481736448,0.0,0.001519368876165411,0.0,0.0016026845967513634,0.00143172690710986,0.0015301064393907437,0.0014858146507411173,9.24809275269263e-05,0.0,0.0003186049245093291,0.0040773527861136865,0.004593798257222389,0.004104343045395786,0.001043584909162883,0.002974902589345413,0.20126599472221882,0.001284793638918975,0.0007869175225279017,0.0008317857725358807
0.0019695840799242087,0.004122897509519446,0.0036405307343097435,0.0004237256346010716,0.00411392620797885,0.000558402729870056,0.00412987201071492,0.0,0.004490691565405434,0.006200179023941007,0.27879990540131777,0.28007115544109135,0.0004541214388192644,0.005147361136962134,0.24218241482005085,0.001968567754103771,0.22355447815461987,0.0,0.007874684384803009,0.004462083810616439,0.29225882830900135,0.30009692531945986,0.0,0.0051139961857258175,0.013270200382153641,0.28048383578298003,0.0022091538357466856,0.27696581107564094,0.012822652619748116,0.005630579697241792,0.22832899316278715,0.280344585512728,0.015055870331550428,0.014980626316107724,0.0075771490258643905,0.2762836041054103,0.010741300444558271,0.27249174303868795,0.005596096320039359,0.006184002223681575,0.29223516091263346,0.0016478173136280521,0.2632608917123733,0.014129570824474863,0.2686842326109294,0.2548574241811635,0.0016406656774952666,0.0012304997894622284,0.001506420612880263,0.21497217080847358,0.0015695770355823105,0.01586088818588702,0.03373659808633352,0.0023663048716068068,0.032251647074937245,0.021946158357240144,0.0032454865487979243,0.0021406504377733853,0.0016302294962209955,0.2094516196961943,0.0019802417628696648,0.002701781259683387,0.002439978811834403,0.0017485862482469292,0.2604310261094848,0.2631685641653043,0.01734207465784021,0.0007957312966867858,0.0015409908565693512,0.004140245559489116,0.24390630037610106,0.015395394338537212,0.017344116247135267,0.24634184541191334,0.004228730507353484,0.0,0.0016933713687843673,0.1868543045940925,0.0,0.004467762305886921,0.04434928095519037,0.04413764631217635,0.003841720552008556,0.022622345815879987,0.023961065703039106,0.2536568550622153,0.003821326579642116,0.24208697214507882,0.016765964028498608,0.2599132325134697,0.004210479027586562,0.19334315302901917,0.0005225233093067261,0.0,0.0039671032787239255,0.0,0.004184642332926453,0.0037382683010905916,0.003995139276397008,0.0038794925083679424,0.00024146959738798642,0.0,0.0008318839884547862,0.22510642732967243,0.23754164837736405,0.22555383035850654,0.0027248215885634407,0.19799951363326648,0.004710408313385462,0.0033546225260995934,0.0020546577810548,0.00217180970150646
0.00035542029412022504,0.0007439953746566292,0.0006569501233945181,7.646319403738633e-05,0.0007423764629967002,0.00010076628081578981,0.0007452539547251343,0.0,0.0008103654640836814,0.0011188501545828706,0.004822150131131805,0.00486605665187561,8.194825343920001e-05,0.0009288644378728413,0.003535477086027777,0.2325152359214769,0.00259569716195808,0.0,0.0014210221684256958,0.0008052030662328542,0.005886249720681253,0.006132092610618593,0.0,0.0009228435825549129,0.0023946672655075817,0.005664662694876373,0.0003986517326481053,0.005444828197271568,0.0023139052615046116,0.28909308995187155,0.0032515060808645797,0.005483603952185722,0.0027168994286760986,0.0027033213081114455,0.0013673305764479616,0.00552092374324521,0.0019383159125583057,0.005213808602586734,0.284409368194047,0.2983245687702306,0.006089979962955185,0.00029735603584317064,0.004767746804585222,0.0025497445219097494,0.005013243860375579,0.004376053537024294,0.00029606549097958027,0.00022204921411751535,0.0002718403660732654,0.0021569048018668657,0.00028323722623330833,0.0028621685164376904,0.006087920661362113,0.24623472626180187,0.005819954581312917,0.003960282852428152,0.0005856626256754572,0.0003862899867830381,0.0002941822351918221,0.002213207816246869,0.0003573435208794805,0.23265672691033987,0.0004403051363934013,0.0003155402427249612,0.0036195145825119544,0.003696255582748347,0.003129455268434973,0.00014359328672070118,0.00027807872182818004,0.0007471259081969239,0.0030320057882388778,0.0027781680607970303,0.003129823682393596,0.0031423467496148436,0.0007630934144921495,0.0,0.0003055764697139853,0.0012734693870469264,0.0,0.0008062277762108484,0.008003026954665883,0.007964836532722097,0.277372690150524,0.0040823039166111175,0.004323881933456684,0.0032933187932614157,0.278193906321029,0.002926714872114262,0.0030254935176199185,0.0034867115769747566,0.0007597998529869519,0.0013477814818723107,9.429167821341054e-05,0.0,0.0007158816059193694,0.0,0.0007551375053833177,0.0006745873063337612,0.2771008480316386,0.27298084096775815,4.357427347200784e-05,0.0,0.19525710794785878,0.0019211278486825517,0.002164461655914518,0.0019338448593191086,0.0004917062948993899,0.0014016859740402046,0.0008500143381714566,0.0006053567029921008,0.000370772225619841,0.00039191281588358873
0.0002622707653944806,0.0005490070195461126,0.00048477482726520024,5.642350973326379e-05,0.0005478123967089258,7.435717665174394e-05,0.0005499357474869133,0.0,0.0005979826532994431,0.0008256188272269065,0.0035583477552107085,0.003590747134176369,6.0471029673307666e-05,0.2713914881492328,0.0026088895224241166,0.00026213543095837634,0.0019154097069334654,0.0,0.0010485967681672789,0.0005941732308832058,0.004343565196150321,0.004524976904984387,0.0,0.2686423104112402,0.0017670662789371716,0.004180052307829785,0.0002941719895490479,0.004017832640296056,0.0017074706031835359,0.00074977070634479,0.002399342419723226,0.004046445938659496,0.002004846950066601,0.0019948274207036948,0.0010089768163631622,0.004073984856181811,0.0014303167443528361,0.00384735929670409,0.0007451788832160119,0.000823464716707371,0.00449390125590585,0.00021942414770743699,0.003518202602192095,0.0018815004612411097,0.0036993591140440825,0.003229165384051928,0.0002184718323930074,0.00016385394504834973,0.00020059569488464407,0.0015916172560402559,0.00020900563457215443,0.002112043515557324,0.004492381661741062,0.00031509829722876665,0.0042946448693380705,0.002922361024589179,0.0004321705531167155,0.0002850500440572508,0.00021708214546443307,0.0016331642214773648,0.0002636899475923504,0.00035977049475993585,0.00032490875461927435,0.00023284258761049315,0.002670902240576012,0.00272753074829518,0.002309279020073617,0.17190788982176183,0.00020519908519665332,0.0005513170942415895,0.002237369367808014,0.002050058130482748,0.002309550879088165,0.0023187918663911925,0.0005630997925477069,0.0,0.00022549014764846456,0.0009397150257668182,0.0,0.0005949293820503782,0.005905571627721637,0.005877390256652974,0.0005115653603606312,0.0030124024724944875,0.0031906670579127175,0.0024301967413952116,0.0005088496891707088,0.0021596733847200353,0.0022325638509932844,0.0025729046121762476,0.0005606694167049876,0.0009945512022889393,6.957945571615578e-05,0.0,0.0005282613846827572,0.0,0.0005572289899911246,0.0004977896087658679,0.0005319946716458606,0.0005165950922749977,3.215420797312763e-05,0.0,0.0001107740728589996,0.0014176333755556163,0.001597193588984209,0.0014270174770499768,0.00036283855605871756,0.001034328256815522,0.0006272402413608401,0.000446703152456209,0.00027359922044135513,0.00028919922663427306
0.00043046168180970574,0.0009010782601091496,0.0007956547773432442,9.260719110974983e-05,0.0008991175407935592,0.00012204149123516712,0.0009026025695026862,0.0,0.0009814613468075288,0.0013550777127877716,0.005840271052962838,0.0058934477428549455,9.925033426727642e-05,0.0011249795093712894,0.0042819372940375725,0.00043023955911568524,0.0031437376657709893,0.0,0.0017210485800298353,0.0009752089900968956,0.0071290384827020405,0.007426787220222328,0.0,0.0011176874454431342,0.0029002634783042475,0.006860666852344563,0.0004828207565266641,0.0065944177688672225,0.0028024498513263777,0.0012305891536915513,0.003938010291303187,0.006641380412672086,0.0032905298789160813,0.0032740849524142235,0.0016560208554903982,0.006686579688824899,0.0023475607369682927,0.006314622031527053,0.0012230526526117859,0.001351542198504856,0.007375783151409878,0.00036013807146876285,0.005774381322329274,0.003088082850764537,0.006071711208278618,0.005299988201010261,0.000358575048417963,0.00026893140244044927,0.000329235170583933,0.0026123012216094127,0.00034303829796017253,0.003466470242669378,0.007373289060774728,0.0005171668399886549,0.0070487461705848005,0.004796434095914933,0.0007093160491732301,0.0004678490230516448,0.00035629417288247104,0.00268049172919133,0.00043279096755671054,0.0005904867513805297,0.0005332686193131198,0.00038216158674407065,0.004383717982057092,0.004476661633761858,0.003790190375406889,0.00017391074376149125,0.00033679065673487124,0.0009048697564165074,0.0036721659749135863,0.003364734416083098,0.00379063657416046,0.0038058036894508757,0.0009242085497489587,0.16424630089273043,0.000370094120258817,0.0015423423567815934,0.0,0.0009764500514200434,0.009692739833557657,0.00964648610654514,0.0008396257396252663,0.004944217982691646,0.00523680138645311,0.003988651098249567,0.0008351685429342897,0.0035446445430086454,0.0036642787410965743,0.00422287571711431,0.0009202196046939766,0.0016323442780183052,0.00011419987844215389,0.0,0.0008670287126498359,0.0,0.0009145728759510115,0.0008170157732008524,0.0008731561092065911,0.0008478809748424039,5.2774293850681885e-05,0.0,0.0001818120812362541,0.0023267436845787427,0.0026214535861658465,0.002342145691376792,0.0005955223214890869,0.0016976298532641592,0.0010294814551244493,0.0007331682202047049,0.00044905493144028715,0.0004746590238062241
0.0017431144930972623,0.003648832500044628,0.003221929924304386,0.000375004196215063,0.003640892749771078,0.0004941956534594985,0.00365500504898015,0.0,0.0039743363238339425,0.0054872610042852755,0.27239917328562874,0.2736288749988092,0.00040190498577877514,0.00455549975779128,0.23699084872416704,0.0017422150279333358,0.21913891055143,0.0,0.006969225949594912,0.00394901798759435,0.2850802235252545,0.29267617482593095,0.0,0.004525971223998631,0.011744346863997277,0.2735856736143296,0.001955137690146052,0.2702380884663668,0.011348259690591429,0.004983156177409313,0.22348049671878256,0.2735503833598949,0.013324694309129735,0.013258102110718964,0.006705902234877049,0.2695219687592146,0.00950622858423088,0.2659533910454713,0.004952637818134793,0.005472944268446691,0.28494195979570486,0.00145834558201353,0.25709600192982096,0.01250490392181385,0.26230927357103656,0.24902440770494363,0.001452016265728187,0.0010890126695415191,0.0013332071627595058,0.21091740271970663,0.0013891016416326038,0.014037148427437885,0.029857447402980755,0.002094218956594736,0.028543241192701106,0.019422713196272864,0.00287230928500375,0.0018945110497041446,0.0014427800726571744,0.20543798173198058,0.001752546718811522,0.002391121109749178,0.0021594216124667543,0.001547527756147926,0.2549511291797971,0.25760924044736,0.015348022958034483,0.0007042353611627427,0.0013638024003117262,0.003664185811252481,0.2389759443170985,0.013625178671978508,0.015349829798334153,0.2413170985049197,0.0037424964538980456,0.0,0.0014986616744168458,0.18366904838411546,0.0,0.003954043549846736,0.03924984730502569,0.03906254714493635,0.0033999862412034806,0.020021150283178576,0.02120593952944137,0.24845037809391632,0.0033819372382865123,0.2372400228364649,0.01483815552060507,0.2545150759997048,0.0037263435923743995,0.1900303124223536,0.0004624417727161697,0.0,0.0035109520285234227,0.0,0.0037034776901898616,0.0033084292877549235,0.0035357643502569886,0.003433415047434092,0.00021370458826289692,0.0,0.000736231091442866,0.2210508432331497,0.23318463912798973,0.2214851666137293,0.002411512181958745,0.19459479287145268,0.004168789280518546,0.0029688964303264294,0.0018184061259519826,0.0019220875135682579
2.8058389915486734e-05,5.873415970550356e-05,5.186243729514035e-05,6.036329798767169e-06,5.8606355932493176e-05,7.954918850262614e-06,5.883351736989741e-05,0.0,6.397369689197618e-05,8.83267906015229e-05,0.00038068104396015204,0.00038414721147855894,6.469343720458529e-06,7.332850995742423e-05,0.00027910560049078316,2.8043911495173687e-05,0.00020491537562035257,0.0,0.00011218153476276059,6.35661552456672e-05,0.0004646855920583213,0.0004840934755639231,0.0,7.285319802692986e-05,0.00018904522044747437,0.0004471925696476672,3.1471263572083115e-05,0.00042983789926808483,0.0001826695243036157,8.021236676603967e-05,0.0002566877213787186,0.00043289902230649133,0.0002144835981289544,0.0002134116835325592,0.00010794289209711451,0.00043584520536478743,0.00015301890340442046,0.0004116002297454994,7.972112191236175e-05,8.80963384091587e-05,0.00048076892401731456,2.3474550371591613e-05,0.00037638621394004313,0.00020128767874020228,0.0003957667958269622,0.0003454642812020719,2.337266927030087e-05,1.752950952212414e-05,2.1460234860624687e-05,0.00017027524016649087,2.2359951481968173e-05,0.00022595175786690962,0.00048060635398963764,3.371001290232528e-05,0.00045945197174830844,0.0003126415747420932,4.62346989802759e-05,3.049537476872491e-05,2.3223997047364614e-05,0.0001747200396251201,2.8210217616942725e-05,3.8489157595886194e-05,3.475956045025007e-05,2.4910089015371395e-05,0.00028573987794449767,0.0002917981389463549,0.00024705251106207454,1.1335864875214082e-05,2.1952717200824726e-05,5.8981297339932986e-05,0.00023935943456183782,0.0002193204045749478,0.00024708159522713864,0.00024807021942458747,6.02418402099411e-05,0.0,2.412350638968486e-05,0.00010053309053622005,0.0,6.364705021027242e-05,0.0006317929913203224,0.0006287780769565036,5.472855629435374e-05,0.0003222744366056035,0.00034134563288729374,0.00025998859475951004,5.4438026920961726e-05,0.0002310473217532654,0.00023884532821708264,0.000275255843765935,5.9981832454468883e-05,0.00010639960341278072,7.4437861789697064e-06,0.0,5.651473921018138e-05,0.0,5.961376690180225e-05,5.325479154194838e-05,5.6914135693123754e-05,5.526664973763704e-05,3.4399385054475223e-06,0.0,1.1850890525786974e-05,0.00015166200452696057,0.0001708718103705878,0.0001526659394426163,3.881738655452118e-05,0.00011065505332507933,6.710374767204928e-05,4.778943321891566e-05,2.9270336692578646e-05,3.0939264816483496e-05
0.00015844613287511905,0.000331672647683542,0.00029286793203902884,3.4087241507952804e-05,0.00033095093793250726,4.492154157654683e-05,0.00033223372184860045,0.0,0.0003612603898081803,0.0004987826615224703,0.0021497113503671597,0.0021692848483776724,3.6532477374292265e-05,0.00041408715422532776,0.0015761133548558928,0.00015836437302661554,0.0011571600840779785,0.0,0.0006334907461437926,0.00035895899624861685,0.002624086246081698,0.0027336828443902885,0.0,0.00041140306089270664,0.0010675410887313241,0.0025253028960172644,0.0001777186796786902,0.0024273008218693988,0.0010315374405738924,0.0004529603929919311,0.0014495192679083724,0.0024445870278545397,0.0012111919747011765,0.0012051388575022644,0.0006095550698261567,0.0024612241661128376,0.0008640999563499447,0.002324312438814921,0.0004501863262121011,0.0004974812946656164,0.002714909053816747,0.00013256112480310004,0.00212545838324781,0.0011366744274300291,0.002234900808921601,0.00195084178271893,0.00013198580075345935,9.8989393309597e-05,0.0001211862560360608,0.0009615467391402751,0.00012626696878418112,0.0012759528382840942,0.0027139910185237604,0.00019036092946287484,0.0025945319166438383,0.00176549148554424,0.00026108801253868556,0.00017220782151918863,0.00013114624656445734,0.0009866465858437553,0.00015930350609687127,0.000217348828534283,0.00019628773961620656,0.00014066763224649954,0.0016135772154026967,0.001647788302731075,0.001395109096166192,6.401379258334425e-05,0.00012396731092014437,0.0003330682374725925,0.0013516661821199305,0.0012385054905209177,0.0013952733348661383,0.0014008561099799048,0.0003401865412554425,0.0,0.00013622578880494133,0.0005677118134514304,0.0,0.00035941581128145995,0.00356774414190659,0.0035507188769738703,0.0003090529473999642,0.0018198883955376736,0.001927583716232762,0.0014681593475377513,0.0003074123238346331,0.0013047275611047203,0.0013487630161699825,0.0015543737230595037,0.0003387182737070836,0.0006008400963483785,4.203516800356465e-05,0.0,0.00031913954810916187,0.0,0.0003366398022181552,0.0003007305765693629,0.0003213949458136187,0.00031209156884155434,1.9425382395714057e-05,0.14862704421411918,6.692214986651557e-05,0.0008564375288021173,0.0009649155796942901,0.000862106763762608,0.00021920234220167403,0.0006248706834304736,0.0003789358317454811,0.00026986761922684566,0.00016529001381978756,0.00017471447502642636
0.0004079426482114529,0.0008539395426076388,0.0007540311499200638,8.776256837986381e-05,0.0008520813957299917,0.00011565705202108505,0.0008553841097711515,0.0,0.0009301174944320335,0.0012841886143337051,0.005534744996586205,0.005585139818272783,9.405818428866197e-05,0.0010661276941240562,0.004057933407362542,0.00040773214557241296,0.0029792771873795917,0.0,0.0016310141996525131,0.0009241922214939742,0.006756092262633668,0.007038264668723319,0.0,0.0010592171048765474,0.002748540030035533,0.006501760139196833,0.0004575626271794759,0.0062494395244071695,0.0026558433935944775,0.0011662125095704705,0.0037319984909327075,0.006293945379609483,0.0031183901600267167,0.003102805528106386,0.0015693883145231834,0.006336780115406408,0.002224751201663131,0.00598428093103605,0.0011590702705776687,0.0012808380558047823,0.0069899288103179025,0.00034129792454251417,0.005472302200071556,0.0029265338804167033,0.0057540776662562704,0.005022726327509394,0.00033981666897551875,0.00025486261178358675,0.00031201166804838414,0.002475642137969572,0.0003250927030705733,0.003285126436331412,0.0069875651947358995,0.0004901119407078518,0.0066800003366382504,0.004545514989471767,0.0006722091181312864,0.0004433741201410831,0.0003376551144272078,0.002540265349329295,0.00041015008045508386,0.0005595962179008513,0.0005053713767415622,0.0003621693087422956,0.004154389573293293,0.004242471000777114,0.0035919115784446703,0.00016481283319858678,0.0003191718989334674,0.0008575326917999313,0.003480061468375892,0.0031887127849673483,0.0035923344349005457,0.0036067081026130553,0.0008758598017347519,0.16140491614275104,0.00035073313580699216,0.0014616567561345029,0.0,0.0009253683583353055,0.009185676967814591,0.009141842943360177,0.0007957018294619044,0.004685567757655965,0.004962845047591229,0.0037799900910361617,0.000791477805121173,0.003359211151533949,0.0034725868447651495,0.00400196155872708,0.0008720795330649408,0.0015469503458892665,0.00010822566283080455,0.0,0.0008216712521931285,0.0,0.0008667282054683643,0.0007742746735293006,0.0008274781021024997,0.000803525202966207,5.0013476461892934e-05,0.0,0.00017230082265287707,0.0022050231658387867,0.002484315708678239,0.002219619437020352,0.0005643683588187216,0.0016088205926063142,0.0009756254942889528,0.0006948134943797487,0.00042556321657718534,0.0004498278647124134
0.00016085847329241993,0.0003367223596506419,0.00029732684268941314,3.460621933916778e-05,0.0003359896618775559,4.5605471492576875e-05,0.0003372919761629379,0.15734688475218844,0.0003667605747839221,0.0005063766213876057,0.0021824406791423126,0.002202312183418435,3.7088683891390365e-05,0.0004203916260372726,0.0016001096612293846,0.00016077546865123213,0.0011747778320750763,0.0,0.0006431356349345666,0.00036442414253582084,0.0026640379267888264,0.0027753031319538994,0.0,0.0004176666674167924,0.0010837943886304487,0.0025637506014389586,0.00018042444438319167,0.002464256446921847,0.0010472425853742182,0.00045985670938427953,0.0014715881808706572,0.0024818058351797436,0.0012296323575660894,0.0012234870817325388,0.0006188355382404363,0.00249869627366267,0.0008772558675196657,0.0023597000670065637,0.0004570404074719673,0.0005050554412364191,0.0027562435106506036,0.00013457936629200672,0.0021578184608979263,0.0011539802815575192,0.0022689271461517374,0.0019805433247813116,0.0001339952829408115,0.00010049650560089563,0.00012303131528839086,0.0009761862763751793,0.00012818938182538936,0.001295379204497705,0.002755311498281613,0.00019325917226429548,0.0026340336330500703,0.0017923710716199414,0.0002650630743069411,0.00017482968347623296,0.00013314294654964467,0.0010016682679349095,0.0001617289000108906,0.0002206579617659504,0.00019927621802905623,0.00014280929521117217,0.0016381439085905935,0.0016728758593012737,0.0014163496149352949,6.498840178529444e-05,0.00012585471169875766,0.0003381391972770047,0.0013722452830589016,0.0012573617213270515,0.001416516354167421,0.0014221841269633853,0.0003453658771470865,0.0,0.00013829982475804255,0.000576355218803882,0.0,0.0003648879125719004,0.003622063002429952,0.003604778528048777,0.0003137582747094448,0.0018475961738965963,0.0019569311545199696,0.0014905120554823167,0.000312092672670582,0.001324592022118104,0.0013692979164431995,0.0015780390438072322,0.0003438752552434267,0.0006099878793990292,4.2675152917572946e-05,0.0,0.00032399844378993973,0.0,0.0003417651390517342,0.0003053091958856718,0.0003262881798966081,0.000316843159124977,1.972113360291858e-05,0.0,6.794103877220378e-05,0.0008694767796070009,0.0009796064074850473,0.000875232328599789,0.0002225396951560493,0.0006343843318728361,0.00038470512510654784,0.0002739763503985606,0.00016780655223999597,0.00017737450075217844
0.0026697619478430914,0.005588568164196183,0.004934722271306858,0.000574358102867656,0.0055764076071933896,0.0007569122714660383,0.005598022067731785,0.0,0.006087111275432677,0.008404313477477736,0.03622188473719365,0.03655169133598162,0.0006155594723867183,0.006977223788180021,0.02655695903665908,0.0026683843229781904,0.019497742885711163,0.0,0.01067409761081652,0.006048333598497034,0.0442149358935061,0.046061600261187025,0.0,0.006931997753856173,0.017987694143978845,0.04255047097854129,0.002994497624003471,0.04089917028964483,0.01738104525902309,0.007632224271721603,0.024423892927555556,0.0411904368174185,0.020408161353731004,0.02030616844503549,0.010270789832525213,0.04147076678090217,0.014559782184234172,0.03916385203883308,0.0075854822162660564,0.008382385900883926,0.0457452684531427,0.002233608610956322,0.035813230719814966,0.019152566732763457,0.03765729733249666,0.03287100204503155,0.002223914601847117,0.0016679366716152613,0.0020419460487662733,0.016201726407880205,0.0021275542824083253,0.02149935926538595,0.04572979987939139,0.003207515113269338,0.0437169557743611,0.02974791433415375,0.0043992417376519,0.002901641590553959,0.0022097684072617534,0.016624650050191276,0.0026842083869009496,0.0036622517779367125,0.0033073797924024428,0.002370200427427807,0.027188211989900853,0.027764656851547474,0.023507100554923964,0.0010786100264802965,0.002088805851335524,0.005612083364258161,0.022775102640430596,0.0208683845467756,0.023509867919601937,0.023603935728589393,0.005732024294515,0.21230873024362484,0.002295356918259331,0.0095657455905737,0.0,0.006056030772102706,0.06011524154527372,0.059828371783011064,0.005207434122027364,0.030664483250955107,0.0324791117555152,0.02473797175293467,0.005179790188496291,0.021984203285572844,0.022726185309090267,0.02619065384083671,0.005707284499616054,0.010123945576087777,0.0007082778858071516,0.0,0.005377389817807758,0.0,0.0056722629816393965,0.0050672050829451,0.005415392480664521,0.005258633831048041,0.00032731090245827167,0.0,0.001127614829970596,0.014430672958757409,0.016258490193504112,0.014526197585936726,0.003693482835263356,0.010528852567580415,0.00638493629292748,0.00454717504108918,0.002785078949211911,0.0029438778258511953
0.0019085029954799592,0.0039950374940467175,0.0035276299612628684,0.00041058498143877663,0.003986344412071644,0.0005410854471783695,0.00400179570079667,0.0,0.004351425456628718,0.006007897992432373,0.2900526534729684,0.29136562452267734,0.00044003814568382657,0.004987730277088442,0.25224303088590283,0.001907518188132834,0.23313340916315567,0.0,0.007630473301466832,0.00432370489051262,0.3036911397283594,0.31179735364790795,0.0,0.004955400045529602,0.012858662617202973,0.29144873384158737,0.0021406431723193205,0.28785826532793907,0.01242499428393527,0.00545596317923534,0.2378498716999079,0.2913820136961358,0.014588955059195824,0.014516044524262037,0.00734216516088854,0.2871100738972721,0.010408189364821898,0.2832708255895721,0.005422549206531193,0.005992222869919403,0.3035772163282404,0.0015967149161684395,0.27379269171128545,0.013691382113727377,0.279368567471599,0.265157812618165,0.0015897850678206961,0.001192339315728268,0.001459703234525215,0.22433172237419585,0.0015209010392491912,0.015369007559658436,0.0326903528320297,0.0022929206128911197,0.0312514533799688,0.021265560272848105,0.0031448369548199738,0.0020742642136522553,0.0015796725352173226,0.21852195507690556,0.0019188301605061197,0.002617993148805193,0.0023643097640557607,0.0016943587870403294,0.27132949115758553,0.27416466238308307,0.016804259218828953,0.0007710539391556828,0.0014932013797974058,0.004011847543269966,0.2542697812896325,0.014917949688557652,0.016806237494001293,0.25677378742635315,0.004097588380523551,0.0,0.0016408562410340584,0.1952526942018116,0.0,0.004329207283298996,0.04297391333180361,0.042768841939190026,0.003722580445302638,0.021920777688278156,0.023217980961189502,0.2643733448927863,0.0037028189343583664,0.25240931657681703,0.016246015032640858,0.2708449755881379,0.004079902918825237,0.20202002942688527,0.000506318725453123,0.0,0.003844074781064601,0.0,0.00405486747623879,0.0036223364736039654,0.0038712413214960217,0.0037591810111742923,0.000233981100187429,0.0,0.0008060854573514165,0.23505482943095235,0.2479795938539042,0.23551811233921954,0.002640318946994077,0.20687597747292624,0.004564328310561785,0.003250588388190051,0.0019909383761774644,0.002104457160872773
0.0019557939894744615,0.004094030943145949,0.0036150414705494725,0.00042075890934847377,0.004085122454389513,0.0005544930596859882,0.004100956612203051,0.0,0.004459249880077004,0.0061567683209320405,0.2925569161916624,0.29388332490690783,0.00045094189661016573,0.005111321763786983,0.25435820665607217,0.001954784779483772,0.23502437779624072,0.0,0.007819549592114273,0.004430842423173296,0.3063928658332309,0.31457964110940234,0.0,0.005078190418061642,0.013177288754048277,0.2940430423911829,0.0021936863918721756,0.2904063298673926,0.01273287450809784,0.005591157057659699,0.23983652592726984,0.29395861616305075,0.014950456292216934,0.01487573909956353,0.007524097434168994,0.28966010657924296,0.010666094970373043,0.2857645515061406,0.0055569151166546225,0.006140704782929872,0.3062975329388711,0.0016362800809548135,0.2761771230130988,0.014030642293486164,0.2818156852372615,0.2674440708137667,0.0016291785171749374,0.0012218844155017863,0.0014958733726183576,0.22611885817351215,0.0015585876041032736,0.015749837794626166,0.03350039048097187,0.002349737130963618,0.032025836389904756,0.021792501800073777,0.0032227631964325417,0.0021256626220923585,0.0016188154050756204,0.22027348461131854,0.0019663770523956677,0.0026828646730160622,0.002422895241321404,0.0017363434794470116,0.2735872495898833,0.2764497174801999,0.017220653703763897,0.0007901599648168467,0.0015302015719122855,0.0041112575303252534,0.2563513209037211,0.015287603113678131,0.01722268099882226,0.25888348708682757,0.004199122948692542,0.0,0.0016815151882950072,0.19675069001748127,0.0,0.004436481160322155,0.04403876839470251,0.043828615516747015,0.0038148226528861733,0.022463954915909634,0.023793301723483595,0.2665510022711289,0.0037945714694092385,0.2544677146285493,0.016648576726891698,0.2730866756050786,0.004180999257101508,0.203572817245554,0.0005188648497512857,0.0,0.003939327509415717,0.0,0.004155343458682342,0.003712094725398688,0.00396716721237475,0.003852330147981899,0.00023977894217667254,0.0,0.0008260595326412879,0.23689513177470037,0.24993419536653347,0.23736289197014993,0.002705743684477639,0.20846813701054978,0.004677428275945613,0.0033311350555563423,0.0020402720450342715,0.0021566037234887216
0.002672455305725117,0.0055942061253359135,0.004939700607722119,0.0005749375372718033,0.005582033300298482,0.0007576758734920546,0.005603669566330699,0.0,0.006093252185915614,0.008412792070097524,0.03625842675879133,0.03658856607908019,0.0006161804723070099,0.006984262678182829,0.026583750711850106,0.002671076291059603,0.019517412953870373,0.0,0.010684866048413294,0.006054435388577528,0.04425954161057695,0.046108068963845096,0.0,0.006938991018107172,0.01800584081725856,0.042593397519795836,0.0029975185876458775,0.040940430935657426,0.017398579921723657,0.007639923951244052,0.024448532684137346,0.04123199130423553,0.020428749886833783,0.020326654083794162,0.010281151397822224,0.04151260407529959,0.014574470648926002,0.039203362029476434,0.007593134740616643,0.008390842372126448,0.04579141802818372,0.0022358619606838285,0.03584936047562257,0.019171888574028136,0.037695287453176955,0.03290416356811025,0.002226158171887762,0.001669619349872341,0.0020440060419763635,0.01621807132865426,0.0021297006404761634,0.021521048640643806,0.04577593384914404,0.003210750977095706,0.0437610591100567,0.029777925166996136,0.0044036798608406025,0.0029045688774811864,0.0022119977060806825,0.01664142163249836,0.002686916318902789,0.0036659463974888533,0.003310716403533601,0.0023725915761998347,0.027215640497195423,0.027792666898448184,0.023530815416323608,0.0010796981694957434,0.0020909131185052657,0.005617745048430383,0.02279807903435968,0.020889437370623657,0.023533585572824832,0.023627748281012946,0.005737806979681393,0.21264033564255574,0.0022976725620390505,0.009575395880295087,0.0,0.006062140327386092,0.06017588809834059,0.05988872893089857,0.005212687580579736,0.030695418753548854,0.03251187792469315,0.024762928364238497,0.00518501575879206,0.022006381790007322,0.02274911235334605,0.02621707597334727,0.0057130422263318836,0.01013415899928702,0.0007089924236062779,0.0,0.0053828147341611465,0.0,0.005677985377309491,0.005072317073083776,0.005420855735556532,0.005263938941823547,0.0003276411062053589,0.0,0.0011287524109045977,0.01444523117312847,0.016274892379754418,0.0145408521692023,0.0036972089618996715,0.010539474476426813,0.006391377660669902,0.004551762405047888,0.002787888643291933,0.0029468477223067125
0.000551933535737277,0.19212572044623288,0.1860865287924654,0.0001187399868183796,0.001152839252142711,0.00015648034333948685,0.0011573077200664704,0.0,0.0012584196322784882,0.19553289590007178,0.00748833540391834,0.007556518008111039,0.00012725775656719415,0.001442437142439476,0.005490255905166094,0.0005516487323063124,0.004030868062413249,0.0,0.2001688299049058,0.001250402924887757,0.00914077973124746,0.009522550096428372,0.0,0.0014330873331608231,0.24553758056404743,0.00879667639035994,0.0006190678021717942,0.008455294557225206,0.24446046346862194,0.0015778487408716138,0.005049276243848346,0.008515509575513981,0.0042190835265150835,0.00419799801109603,0.20368688312913644,0.008573463621957576,0.22835173035442272,0.008096543344004215,0.0015681855167942568,0.0017329334894172648,0.00945715320461144,0.0004617653267154911,0.007403852269799475,0.2518715960705098,0.00778508558780925,0.006795590294707357,0.00045976123465498494,0.00034482107488805294,0.0004221419454235809,0.0033494657261760093,0.00043984017320769275,0.22542677024803356,0.2853715793688168,0.0006631059967079677,0.2783218784333298,0.24608081774331952,0.0009094777340679666,0.0005998711996815484,0.0004568367195306928,0.0034368988928057975,0.0005549201219362669,0.0007571160320828489,0.0006837515323497255,0.0004900036512143442,0.0056207580552580984,0.005739929448386705,0.23181880227496696,0.00022298656480511668,0.00043182951196369616,0.001160214683781015,0.004708413398905424,0.22280388416638292,0.233126322561822,0.004879762300350783,0.18006834752760292,0.0,0.00047453086995168694,0.0019775754875950863,0.0,0.0012519942009364677,0.2828626947803612,0.28174257697800026,0.0010765594773015428,0.2380754519103249,0.24507411041579974,0.005114207365041289,0.0010708445056023545,0.004544906732068839,0.22045965855155017,0.005414527759421673,0.0011798961011773247,0.002092975024210023,0.00014642590816529234,0.0,0.0011116952871315332,0.0,0.0011726559237302835,0.0010475692111782857,0.0011195517718997395,0.0010871442548886722,6.766665613205838e-05,0.0,0.0002331175783512357,0.0029833267927239925,0.003361200793763793,0.0030030750872382882,0.000763572588222258,0.002176683516512052,0.18936920605768126,0.0009400607421467949,0.0005757736089496224,0.0006086029125230882
9.687349905672919e-05,0.00020278368010305615,0.0001790585912279102,2.084083907980127e-05,0.0002023424288865232,2.7464898237511884e-05,0.00020312671919535375,0.13565098328493363,0.00022087353850976758,0.00030495425046815665,0.0013143271892673302,0.0013262943683120382,2.2335849087890352e-05,0.0002531716667131742,0.0009636310639103429,9.682351132611588e-05,0.0007074842678663796,0.0,0.0003873143767249628,0.00021946647326446283,0.0016043586035951107,0.0016713656410671828,0.0,0.0002515306199535743,0.0006526914780163318,0.0015439627542572815,0.00010865667741973796,0.0014840445747141854,0.0006306789535543636,0.0002769386504233831,0.000886231811937663,0.0014946133101500685,0.0007405192066833787,0.0007368183486528377,0.00037268017470877204,0.001504785207489097,0.0005283081687601789,0.0014210777805889823,0.0002752425941631084,0.00030415859860406704,0.001659887400794505,8.10474813461895e-05,0.001299498996589311,0.0006949593977168142,0.0013664117733664647,0.0011927389212269416,8.069572991642056e-05,6.052182357117837e-05,7.409292007808529e-05,0.0005878868448024684,7.719925289089344e-05,0.0007801138079738838,0.001659326116719751,0.00011638611170961371,0.0015862891736067044,0.0010794162953433,0.0001596284420290914,0.00010528735496907892,8.018242895753594e-05,0.0006032328171643825,9.739769451976482e-05,0.0001328864337294495,0.0001200097459844288,8.600377612550402e-05,0.0009865363579272238,0.001007452915976939,0.0008529655931584586,3.913784428129797e-05,7.579324884472245e-05,0.00020363693959042864,0.0008264047234387857,0.0007572186098242879,0.0008530660082159651,0.0008564793004806851,0.0002079890495616889,0.0,8.32880461254221e-05,0.000347097330978895,0.0,0.00021974576863034034,0.0021813082622725985,0.00217089906542776,0.00018895406195887764,0.001112674405928373,0.0011785190078663237,0.0008976283017328239,0.00018795098954224877,0.0007977065887722553,0.0008246297363260644,0.0009503395170476568,0.0002070913551062926,0.00036735186558781456,2.5700177934618548e-05,0.0,0.0001951209799300357,0.0,0.0002058205837585258,0.00018386578894029007,0.0001964999234449743,0.0001908118661603071,1.1876621593983445e-05,0.0,4.091600535986457e-05,0.0005236233831213159,0.0005899465439968243,0.0005270895366817208,0.00013401966652757123,0.0003820440957659076,0.00023168025166060192,0.0001649962677045484,0.00010105782771282995,0.00010681991554195408
0.0004643473791437535,0.0009720106252571513,0.0008582882662384558,9.989717621529645e-05,0.0009698955592387238,0.00013164852760784673,0.0009736549274141219,0.0,0.0010587214225549653,0.0014617486551271614,0.006300013849156681,0.006357376577655838,0.000107063263801782,0.0012135372527720429,0.00461900894821856,0.00046410777107833135,0.0033912108963547356,0.0,0.0018565285396743374,0.0010519768839009121,0.007690232313688399,0.008011419661490536,0.0,0.0012056711617430991,0.0031285705601370403,0.00740073462211891,0.0005208281302689129,0.007113526563105696,0.0030230571004005754,0.0013274604278761554,0.0042480082085822836,0.007164186079364543,0.003549558508541894,0.0035318190468336045,0.0017863818698601402,0.007212943416678554,0.0025323593751926518,0.006811705465387319,0.001319330657742863,0.001457934827182488,0.007956400581559515,0.00038848793442741985,0.006228937316621764,0.003331174966149919,0.006549672841096909,0.005717200240182773,0.0003868018710962334,0.00029010152859060116,0.00035515237486383113,0.0028179400793322982,0.00037004207653065156,0.0037393487970780945,0.00795371015753638,0.0005578779177723646,0.007603619436694821,0.005174006644006984,0.0007651530027794561,0.0005046778304997517,0.00038434144634342794,0.002891498504660718,0.00046686002493222744,0.0006369695306442391,0.0005752472199537644,0.0004122451282260133,0.004728801753772402,0.004829061876568271,0.004088551993471269,0.00018760089801974218,0.00036330262456223773,0.0009761005859847898,0.0039612367796903955,0.003629604384423854,0.004089033316735461,0.004105394378664753,0.000996961718065057,0.16156079166793974,0.00039922771768258235,0.0016637546647660399,0.0,0.001053315640861433,0.01045574676824412,0.010405851974301958,0.0009057205975164622,0.005333423993806726,0.005649039395731523,0.004302635430880948,0.0009009125328518398,0.003823676933618206,0.003952728667339426,0.004555298077747779,0.0009926587655373382,0.0017608414857543122,0.00012318962754178823,0.0,0.0009352807169008652,0.0,0.0009865675295381007,0.0008813307874698013,0.0009418904586092145,0.0009146256801272477,5.692865607155163e-05,0.0,0.00019612422426033054,0.002509903616347992,0.002827812912790739,0.0025265180603100223,0.0006424014979509989,0.0018312663041350247,0.0011105216463273067,0.0007908828030692068,0.0004844042787484499,0.0005120239106178744
0.00037324928735546855,0.0007813165088778468,0.000689904795650603,8.029882692551998e-05,0.0007796163875472523,0.00010582103252447435,0.0007826382232577533,0.0,0.0008510159295079654,0.001174975176612596,0.005064044258984265,0.005110153268089809,8.605903405690242e-05,0.0009754591823296428,0.003712827670935081,0.0003730566868505873,0.0027259054474918177,0.0,0.0014923050834621196,0.0008455945696398231,0.006181522411034385,0.006439697549000711,0.0,0.0009691363020837361,0.0025147912628811025,0.0059488198871855014,0.00041864935001037365,0.005717957803830784,0.002429977984241162,0.0010670323144948146,0.0034146117922691137,0.005758678671850445,0.002853187598867973,0.0028389283573214867,0.0014359201533548623,0.00579787054031617,0.002035547899207546,0.005475349543954392,0.0010604974850871186,0.0011719095653345251,0.00639547239925813,0.0003122723443354297,0.0050069118914768266,0.002677647679339896,0.005264723847174048,0.004595570064919232,0.00031091706170637294,0.0002331878969723924,0.0002854767287907723,0.0022651018906592706,0.0002974452910906701,0.0030057438382802668,0.006393309796658391,0.00044843051687694434,0.006111901700192271,0.004158943022805786,0.0006150412941534328,0.00040566750032160773,0.00030893933591998046,0.0023242292402815526,0.00037526898918226474,0.0005120055244384335,0.0004623922187240053,0.0003313687278904353,0.0038010807510004707,0.0038816713197525462,0.0032864385294753547,0.00015079637495151496,0.00029202801997563676,0.0007846040797686696,0.0031841006786602023,0.0029175296571429185,0.00328682542423005,0.003299976687658623,0.0008013725661047959,0.15423829661118907,0.00032090514087179304,0.0013373505932204525,0.0,0.0008466706822742437,0.008404483809540762,0.008364377636623406,0.0007280316046782977,0.004287085045087839,0.004540781370593255,0.0034585219610543524,0.000724166811227889,0.003073528040972766,0.0031772617321852705,0.0036616159314742775,0.0007979137892566158,0.0014153904150717182,9.902164361161035e-05,0.0,0.0007517924655982326,0.0,0.000793017563719558,0.0007084267148317392,0.0007571054736888443,0.0007351896417160997,4.5760095271762155e-05,0.0,0.000157647550575816,0.002017497628306371,0.0022730378201337464,0.002030852563958361,0.0005163718200551438,0.0014719989251083423,0.0008926537150889504,0.0006357232879651713,0.00038937131973953764,0.0004115723881105763
0.0013133060658115738,0.002749121686736864,0.002427482606544236,0.0002825375427399166,0.0027431396802556065,0.000372339368387008,0.0027537722395207707,0.0,0.002994364410562647,0.004134239712971655,0.2557307393611923,0.2568631531282119,0.0003028052705621834,0.003432227480410616,0.22314606742718684,0.0013126283862555563,0.20700754216062056,0.0,0.005250789176419133,0.0029752889426622954,0.26679987501196495,0.2738201319044106,0.0,0.0034099799443491714,0.008848484730384338,0.2560267159916303,0.0014730496465571912,0.25304384608142644,0.008550062745205513,0.0037544345254393457,0.21050703827076037,0.25617323110102996,0.010039158030389123,0.009988985802199337,0.005052394502299634,0.2522831616820808,0.007162230428408908,0.2491758263869455,0.0037314412300978404,0.00412345312603552,0.2664647944996121,0.0010987540442651878,0.24114843188186552,0.009421507444257543,0.2458901572934033,0.2338184672587802,0.0010939853790381483,0.0008204893885732437,0.0010044716286675957,0.19958108844045883,0.0010465839273376524,0.010575938786267055,0.022495347803752504,0.0015778369520331836,0.021505191968021527,0.01463355801136143,0.002164069670592687,0.0014273720189788338,0.001087026600120755,0.1942843268910138,0.00132041254062645,0.0018015304616875085,0.0016269622641127087,0.0011659461252884222,0.24024021962179837,0.24270612176889542,0.011563584451177696,0.0005305885386396292,0.00102752284602675,0.002760689255487749,0.22554595253673634,0.010265550466441686,0.01156494576986037,0.22767525295852492,0.0028196904527190794,0.0,0.0011291291968514156,0.1743994130015909,0.0,0.002979075326985474,0.029571816855401514,0.029430700229186254,0.0025616346900508924,0.01508443548346792,0.01597708534094256,0.2343474513676359,0.002548036119729452,0.22399048925816364,0.011179437568693773,0.23995538648460035,0.0028075204827582856,0.18040955461096536,0.00034841520026241633,0.0,0.002645239090198982,0.0,0.0027902927400264544,0.002492653390883582,0.0026639333141117555,0.002586820788938461,0.00016101038294893418,0.0,0.0005546949222554828,0.20950780246308168,0.2208707062728762,0.2099105426404219,0.0018168936056044882,0.18472150979549387,0.0031408701326710764,0.002236840842156011,0.0013700326655412714,0.001448148816722063
0.0017990715787542478,0.0037659665343043047,0.0033253596241141553,0.0003870425000742946,0.0037577719038792137,0.0005100602157825429,0.003772337233075004,0.0,0.004101919611669092,0.005663411874038783,0.2775156143139539,0.2787699969045983,0.00041480685298500325,0.004701739428889512,0.24139501907533137,0.001798143239153546,0.22316315207227352,0.0,0.007192950538523915,0.004075788511657949,0.29049490975928877,0.298241501726316,0.0,0.004671262976471147,0.012121361355045617,0.27878316405077497,0.002017901098764329,0.2753612155690415,0.011712559076592062,0.0051431243826910965,0.22762769887552317,0.2787343042767276,0.013752440773152463,0.013683710846345008,0.006921173662686501,0.27463799508909587,0.009811395484781115,0.27098493971205156,0.0051116263296266395,0.005648635545432874,0.29036879719428793,0.0015051610774806227,0.2619404919268543,0.012906333651562683,0.2672626430557015,0.2536994925331323,0.0014986285788484335,0.0011239719194774194,0.0013760054916704674,0.21476624403939745,0.0014336942830539834,0.01448776593996759,0.030815924742503574,0.0021614471220438294,0.029459530167793044,0.020046216947930486,0.0029645155384258786,0.001955328234981535,0.0014890958874986984,0.20919486966303819,0.001808806595744881,0.0024678803641092965,0.0022287428995175227,0.0015972061585421747,0.2596759138417069,0.2623860755527686,0.015840721882132182,0.0007268425728997304,0.0014075828909425202,0.003781812714198509,0.2433788728681282,0.014062571220235574,0.015842586725229608,0.24576892893635174,0.0038626372682111837,0.0,0.0015467713883904686,0.18697739802479194,0.0,0.004080975403426293,0.0405098374412837,0.040316524611835464,0.0035091318665109402,0.02066386493318218,0.021886688028398178,0.25303795852925715,0.00349050345839354,0.24160501236081586,0.015314486790149425,0.2592227229313007,0.003845965871009322,0.19345540540083245,0.0004772869788054539,0.0,0.003623659853612162,0.0,0.003822365932562549,0.003414635771481667,0.0036492686951486975,0.003543633797072204,0.00022056488688244986,0.0,0.0007598654232153034,0.22506032253721867,0.23742406721831535,0.2255031634490822,0.0024889260261227964,0.1981036958717453,0.004302614855246807,0.003064203303464352,0.0018767802073746454,0.0019837899525433672
0.001624388786412224,0.003400305958122885,0.0030024802503629943,0.0003494621917272351,0.0033929069941636392,0.0004605353698521962,0.0034060580870359024,0.0,0.0037036393096563022,0.005113516799255209,0.270947578472519,0.2721632627567641,0.0003745307348929139,0.004245218975783513,0.23595043412499897,0.001623550584944773,0.2184039469011508,0.0,0.006494543259966682,0.003680045436941074,0.28327794978108906,0.2907958690088563,0.0,0.004217701667332509,0.010944424720899999,0.2718507580136868,0.001821970818521521,0.2685751545251632,0.010575315539908137,0.00464374718217252,0.2225271848205315,0.271876494949141,0.012417132726412023,0.012355076205862537,0.006249154852562603,0.26783291840773793,0.008858747474388856,0.2643656103833292,0.004615307466490307,0.005100175194187776,0.2830709033538933,0.0013590158417691532,0.2556529562047689,0.011653179286957633,0.26078678735614724,0.24770826776400043,0.0013531176231264415,0.0010148386555612094,0.0012424007566496434,0.21032512987542523,0.001294488192709272,0.013081060704290636,0.02782381934425721,0.0019515790860873666,0.026599125361466483,0.018099807925792945,0.0026766727097641465,0.0017654735343318323,0.0013445105187089728,0.20482321743108664,0.001633178571444605,0.002228258862519476,0.002012340707577075,0.0014421237065625713,0.2538938740529126,0.25652781093962895,0.014302649932265517,0.0006562690105542548,0.0012709121143339786,0.003414613536115665,0.23810656180950662,0.0126971507237591,0.014304333706414162,0.24041200944182556,0.0034875903430172943,0.0,0.0013965859547314641,0.1833572139813089,0.0,0.0036847287018674543,0.03657649115026793,0.036401948238171694,0.0031684089289817025,0.01865748471477745,0.019761576484717016,0.24749894958298635,0.0031515892662112165,0.23640503147636802,0.01382751020323633,0.25350232058224603,0.003472537673080016,0.18969749281263087,0.0004309442856125812,0.0,0.0032718166978412443,0.0,0.0034512291960712782,0.003083088034061232,0.0032949390213308748,0.0031995608574403255,0.00019914890166639306,0.0,0.0006860854716564475,0.22054455604459203,0.23260407031647598,0.2209748694633083,0.0022472610733159045,0.1942467191090451,0.0038848478324320615,0.0027666811839034138,0.0016945522120530492,0.0017911717307768484
0.0005975017559178678,0.19257493724286232,0.18651364661344752,0.00012854328651524006,0.0012480188878651404,0.00016939952704102287,0.0012528562772568582,0.0,0.0013623160965631667,0.19603540687107612,0.00810658034534239,0.008180392177909827,0.0001377642924007084,0.0015615262882286375,0.0059435372764460636,0.0005971934388125022,0.004363660820044107,0.0,0.20071780220305574,0.0013536375212773882,0.00989545223517379,0.010308741968054933,0.0,0.0015514045487441369,0.24629264107122215,0.00952293935620395,0.0006701786988459668,0.009153372675563695,0.2452034062172699,0.0017081176123574919,0.0054661498649175135,0.009218559109854396,0.004567415553196023,0.004544589195180854,0.2042356443868508,0.009281297904057824,0.2290177534371559,0.008765002580329544,0.0016976565822149113,0.0018760063228130492,0.010237945839242079,0.0004998891635854977,0.008015122193748045,0.2526578284016992,0.008427830540271972,0.0073566414625670165,0.0004977196115513496,0.0003732898698534058,0.00045699443375956994,0.003626001181652267,0.0004761538460672772,0.22620316242562544,0.28666332772915654,0.0007178527335966678,0.27956698034697247,0.24703310676656318,0.000984565183827644,0.0006493972044215387,0.0004945536453455838,0.003720652923581617,0.0006007349178523256,0.0008196243375550293,0.0007402027866358205,0.0005304588742114429,0.006084813822954278,0.006213824133143902,0.23264053722965602,0.00024139657293912115,0.00046748181610454365,0.0012560032429898066,0.005097145020686593,0.223564888704871,0.23395052626220111,0.005282640669816586,0.18049761804119469,0.0,0.0005137086436587347,0.002140846224753857,0.0,0.0013553601747704122,0.28438981912072403,0.283262839477175,0.0011654413736219894,0.23902820176951936,0.24607010487699482,0.005536441768587899,0.001159254567776383,0.004920139069401832,0.22124731754993154,0.005861556934385037,0.0012773095791549735,0.00226577326994133,0.00015851498699705058,0.0,0.001203478033309595,0.0,0.0012694716449515634,0.0011340576402707743,0.001211983157822594,0.0011769000417129977,7.325328728573718e-05,0.0,0.00025236401374691294,0.0032296334281414377,0.0036387051089107384,0.0032510121628706334,0.0008266139538415739,0.0023563928244659305,0.18982660317602262,0.0010176731576055744,0.0006233100909496555,0.0006588498167691854
0.0017853791113933227,0.0037373043207146656,0.003300050804468385,0.0003840967769234526,0.003729172058408197,0.0005061782230151706,0.0037436265330404615,0.0,0.00407070050895901,0.005620308484961597,0.27849846926101224,0.27975592587100023,0.00041164981945578805,0.0046659551863780365,0.24229074016432933,0.0017844578372478441,0.22403286266831288,0.0,0.007138206057181106,0.00404476828888029,0.2914718285314782,0.2992389708843725,0.0,0.004635710685725763,0.012029107468827892,0.2797197234712749,0.002002543152333127,0.2762955822352457,0.011623416523976011,0.005103980824661046,0.22847743106295612,0.2796818448765833,0.013647772983030493,0.013579566149517743,0.00686849763489818,0.2755643125594961,0.009736722406718528,0.27191339968066175,0.005072722498613909,0.005605644616804476,0.2913325236470373,0.0014937055194196088,0.26285480184513976,0.012808105457442914,0.26818633080699483,0.2545999968444134,0.0014872227386671095,0.0011154175356475678,0.0013655329176463706,0.2156243444128331,0.001422782648181815,0.014377501698895482,0.03058138930282661,0.0021449966680872146,0.029235318046355374,0.019893648159389217,0.002941953049678788,0.0019404465213501525,0.001477762599219539,0.21002376135795203,0.0017950400366113007,0.0024490976921270986,0.0022117802673644036,0.0015850500590001812,0.2606508386323802,0.2633687635686682,0.015720160493743866,0.0007213106817156942,0.0013968699860088694,0.003753029897680363,0.24431491641439698,0.013955543073208152,0.01572201114379663,0.2467091780428287,0.003833239307981776,0.0,0.0015349991404152016,0.1877618746036526,0.0,0.0040499157039835115,0.040201523067630335,0.0400096815134993,0.0034824243835431673,0.020506595317292806,0.0217201116870193,0.2540024251586368,0.0034639377534812625,0.24253938282542062,0.015197930499115888,0.26020377522563753,0.003816694794315147,0.19426519217716587,0.00047365441829131706,0.0,0.0035960807150950402,0.0,0.003793274471504971,0.0033886474842992095,0.0036214946515310607,0.003516663725020329,0.00021888620019189838,0.0,0.0007540822000078778,0.22598054560668487,0.2383863139695883,0.22642464404337365,0.0024699831787236715,0.1989316079491257,0.0042698682907588645,0.0030408821059003405,0.0018624963111491812,0.001968691620994524
0.00043023371380523256,0.0009006010584870043,0.0007952334068949435,9.25581473099199e-05,0.0008986413775478563,0.00012197685933784509,0.0009021245606222285,0.0,0.000980941575143398,0.001354360077803883,0.005837178106496782,0.005890326634570099,9.91977723283111e-05,0.0011243837319893253,0.0042796696248315795,0.00043001170874506784,0.003142072775183656,0.0,0.0017201371307023578,0.0009746925296154848,0.007125263018484462,0.007422854071387522,0.0,0.0011170955298619588,0.002898727529100093,0.006857033514935513,0.00048256505970384637,0.0065909254341880745,0.002800965703196032,0.0012299374465465302,0.003935924762240696,0.006637863207067963,0.003288787248707971,0.003272351031267191,0.0016551438441657095,0.0066830385461568624,0.0023463174933552114,0.006311277873743999,0.0012224049367189115,0.0013508264358923542,0.007371877013796458,0.0003599473461128095,0.005771323270375419,0.0030864474343851376,0.006068495693526947,0.005297181382691761,0.00035838515082266964,0.0002687889791824795,0.00032906081108107356,0.0026109177742045966,0.00034285662846542217,0.0034646344362847907,0.007369384244005621,0.0005168929538392625,0.007045013228335935,0.004793893954583805,0.0007089404028123486,0.00046760125510228565,0.00035610548321500534,0.0026790721688069053,0.000432561765986868,0.0005901740357729195,0.0005329862058298064,0.00038195919796477215,0.00438139641086325,0.004474290840582174,0.003788183130225803,0.0001738186424505336,0.0003366122959255695,0.000904390546857573,0.003670221234220582,0.0033629524879282115,0.0037886290926771823,0.003803788175621973,0.0009237190985673405,0.16285778931443723,0.0003698981222835551,0.0015415255484008531,0.0,0.0009759329336855356,0.009687606659918503,0.009641377428396042,0.0008391810826152352,0.004941599576559757,0.005234028031210728,0.003986538750345373,0.000834726246409008,0.0035427673363322264,0.0036623381774001057,0.004220639326301729,0.0009197322660159392,0.0016314798055614111,0.00011413939938095136,0.0,0.0008665695433118991,0.0,0.0009140885277214568,0.0008165830901925611,0.0008726936948635248,0.0008474319459461433,5.274634513662671e-05,0.0,0.00018171579545961017,0.0023255114654588812,0.0026200652917644854,0.002340905315515221,0.0005952069390962145,0.0016967308062494392,0.0010289362525131972,0.0007327799419835161,0.0004488171166452773,0.00047440764935169144
2.9224131961470844e-05,6.117438809032829e-05,5.4017166199552304e-05,6.287121218768279e-06,6.104127445341335e-05,8.28542189780293e-06,6.127787376803028e-05,0.0,6.663161235072665e-05,9.199650414892061e-05,0.00039649720092390354,0.00040010737731904225,6.738125571718614e-06,7.637508987466865e-05,0.00029070160206969665,2.9209052006167054e-05,0.00021342899560884037,0.0,0.00011684234146798779,6.620713856989308e-05,0.00048399188634167277,0.0005042061092663996,0.0,7.588003015736239e-05,0.0001968994830310277,0.0004657720812540063,3.277880029449414e-05,0.00044769637630983874,0.00019025889581217496,8.354495031159303e-05,0.00026735232723815427,0.0004508846798402318,0.00022339474909898488,0.00022227829966226255,0.0001124275958973593,0.0004539532679786682,0.00015937638043949647,0.0004287009862534922,8.303329570587552e-05,9.175647735833337e-05,0.0005007434325624461,2.4449847616414363e-05,0.0003920239335825556,0.00020965057879087428,0.0004122097205881316,0.0003598172871726908,2.434373366057196e-05,1.8257808129313286e-05,2.2351843330286596e-05,0.00017734966629892425,2.328894048195025e-05,0.00023533937651868764,0.0005005741082371333,3.5110562952747726e-05,0.0004785408247862259,0.00032563089558685005,4.815561221681832e-05,3.1762366234843374e-05,2.4188884552152648e-05,0.00018197913385969676,2.938226764908947e-05,4.008826679135961e-05,3.6203716057141037e-05,2.5945028590375218e-05,0.0002976115138771932,0.00030392147747484,0.00025731680279721987,1.18068361017326e-05,2.2864786836384076e-05,6.14317935531138e-05,0.00024930410201468077,0.0002284325103631046,0.00025734709532221453,0.00025837679389342864,6.274470820314067e-05,0.0,2.51257658129706e-05,0.00010470993927928048,0.0,6.62913944779392e-05,0.0006580420974364816,0.0006549019224126773,5.700236385710071e-05,0.00033566397400345806,0.0003555275213587398,0.000270790342019434,5.6699763858588124e-05,0.00024064664581965244,0.0002487686360914183,0.00028669189948571383,6.247389790433833e-05,0.00011082018819144806,7.75305319522679e-06,0.0,5.88627573221819e-05,0.0,6.20905403305787e-05,5.546736859421549e-05,5.9278747532511576e-05,5.756281347097659e-05,3.5828576452655415e-06,0.0,1.2343259525215536e-05,0.00015796310647856357,0.0001779710222078456,0.0001590087518824596,4.043013267994471e-05,0.00011525243929947768,6.989170736396448e-05,4.977494100552929e-05,3.0486431496500995e-05,3.222469858431721e-05
